# k_modes  P_R(k)  P_S(k)  P_RS(k)  P_T(k)  beta_iso  cosDelta
4.5675260886375869e-05 1.8301877085697685e-09 5.4065872624565536e-87 1.9534944905252707e-48 6.9130843245377340e-12 2.9541162565678160e-78 6.2101596498342149e-01
5.1124696091030879e-05 1.8897321390584611e-09 8.6229464212892377e-84 1.1820721916729396e-46 6.9129566294064696e-12 4.5630522141542917e-75 9.2601075809307232e-01
5.7224293844808531e-05 1.8879409029744690e-09 2.5179427453713313e-88 5.4289374480588669e-49 6.9126319909617603e-12 1.3336978617308881e-79 7.8740417754703385e-01
6.4051623900244280e-05 1.8787627688276654e-09 1.6446659787997198e-89 1.3353170565573941e-49 6.9123597071890571e-12 8.7539843033294702e-81 7.5964305108884178e-01
7.1693510720893561e-05 1.8750593394837230e-09 2.5985574706128897e-88 -3.6293798480517936e-50 6.9119404989765595e-12 1.3858534585515433e-79 -5.1994661147026527e-02
8.0247137644659565e-05 1.8689391724055349e-09 1.4706768222532824e-89 8.3390451149385218e-50 6.9115643645925729e-12 7.8690459484583221e-81 5.0299088613510601e-01
8.9821282782909752e-05 1.8607497662035433e-09 2.5804914998358313e-90 1.2021556479411361e-50 6.9111876380758264e-12 1.3868020013785976e-81 1.7348642520067192e-01
1.0053770237254504e-04 1.8539465721287607e-09 1.7903497233792480e-88 -4.5336126312559993e-50 6.9107986924815479e-12 9.6569650403868503e-80 -7.8691326403804926e-02
1.1253267917337795e-04 1.8476379385628973e-09 6.5233897655279281e-87 1.5149699117655364e-48 6.9104202905428486e-12 3.5306645470821277e-78 4.3637404157815946e-01
1.2595875560208350e-04 1.8415771344788743e-09 6.3153457600923720e-84 -6.2949276087945317e-48 6.9100606312322070e-12 3.4293137343277644e-75 -5.8371011167895205e-02
1.4098667364331952e-04 1.8357423438907559e-09 1.1738740177665499e-86 -3.5747790318002016e-50 6.9097485755777821e-12 6.3945467166083226e-78 -7.7007423658192568e-03
1.5780754620823737e-04 1.8299451368916086e-09 9.8030102989471172e-82 1.1551082588286599e-45 6.9094798776716113e-12 5.3569968308442074e-73 8.6243013819545500e-01
1.7663528755396666e-04 1.8237920507480666e-09 1.9621886150416536e-86 -1.4298116810518768e-48 6.9090197427910570e-12 1.0758839606943240e-77 -2.3901260527416290e-01
1.9770933367218058e-04 1.8172018280396084e-09 3.0694079271687387e-86 -1.8062650849385638e-48 6.9086063560279554e-12 1.6890847674746214e-77 -2.4185362401618227e-01
2.2129768724244854e-04 1.8103823551995043e-09 6.4122725747369713e-89 -2.4626847367143050e-50 6.9082219752133841e-12 3.5419438088979484e-80 -7.2279922303545172e-02
2.4770032587362567e-04 1.8034995064306690e-09 3.3030558321861255e-88 -3.5302895519224478e-49 6.9078604147933112e-12 1.8314703277758302e-79 -4.5739809987388008e-01
2.7725301697654326e-04 1.7966579166011768e-09 6.9730517079845977e-87 2.9265791798931631e-49 6.9075178572960905e-12 3.8811237484628411e-78 8.2682983301999913e-02
3.1033158778246187e-04 1.7899182855811530e-09 1.5995368881875289e-81 -1.5435059486092446e-45 6.9071937122665528e-12 8.9363682190005069e-73 -9.1220946708870743e-01
3.4735670480993031e-04 1.7832734506704312e-09 2.7866630849032454e-86 1.3963613449025646e-48 6.9068907079392119e-12 1.5626672868681944e-77 1.9808273035930246e-01
3.8879922356144974e-04 1.7766601193561632e-09 2.4663535757645698e-87 -1.3219355312907097e-52 6.9065857713788718e-12 1.3881966217929977e-78 -6.3151028838646510e-05
4.3518617648305371e-04 1.7699797894006795e-09 3.2444832261610288e-85 2.9851637363599955e-49 6.9060804736872501e-12 1.8330623013834642e-76 1.2456936106505334e-02
4.8710747533683475e-04 1.7632886594155080e-09 9.3311853793726884e-89 1.8849298819949810e-49 6.9056091427714928e-12 5.2919216201763435e-80 4.6469187976008602e-01
5.4522341322177684e-04 1.7565865565015978e-09 1.0722091444564917e-87 -3.1595475240949510e-49 6.9051641987050460e-12 6.1039357297137346e-79 -2.3022387603310962e-01
6.1027306164752144e-04 1.7498861760765541e-09 1.9464165765963009e-83 -3.2135267026850426e-48 6.9047472960933541e-12 1.1123103909309064e-74 -1.7412419257219591e-02
6.8308366944826594e-04 1.7432011765617390e-09 2.4542887479610989e-85 2.0193372407381981e-47 6.9043567261080129e-12 1.4079205435151766e-76 9.7627523168166075e-01
7.6458118306458342e-04 1.7365435817669297e-09 8.5159364091051652e-87 -3.5110460196244413e-49 6.9039987733449002e-12 4.9039577805701929e-78 -9.1301407645687754e-02
8.5580202198160167e-04 1.7299155243261197e-09 2.3782057192206730e-86 1.4348187920952211e-49 6.9036664310774375e-12 1.3747525158184193e-77 2.2369686537688935e-02
9.5790625907403969e-04 1.7233079576967306e-09 3.9599236406495821e-80 6.2552891309127391e-47 6.9033338464627362e-12 2.2978618667450344e-71 7.5722080152209274e-03
1.0721923734750732e-03 1.7166717463956376e-09 2.9005571534118092e-86 -1.5094715314023005e-48 6.9028247693042974e-12 1.6896399439799041e-77 -2.1391467704362691e-01
1.2001137635840990e-03 1.7100600190761752e-09 9.9213880538112888e-85 9.3584260665681900e-49 6.9023458584040851e-12 5.8017776821489080e-76 2.2720135586074969e-02
1.3432972302124628e-03 1.7034723799064787e-09 2.8504015418974474e-87 -1.2795587507040450e-49 6.9019025109438375e-12 1.6732889687673924e-78 -5.8068373414666703e-02
1.5035636649208585e-03 1.6969053612045508e-09 2.7176337000174810e-87 -1.8255207428814594e-49 6.9014848175273111e-12 1.6015234332740657e-78 -8.5008529070679115e-02
1.6829512066459623e-03 1.6903582548702118e-09 5.2679982315068231e-87 3.0127270260269766e-49 6.9010920439278210e-12 3.1164980656194139e-78 1.0095959359858714e-01
1.8837411611035344e-03 1.6838303330921599e-09 2.9798524749562977e-86 1.5548440542665332e-49 6.9007222470032783e-12 1.7696868956411676e-77 2.1950291445101966e-02
2.1084870125900063e-03 1.6773278224636882e-09 6.9955934458004099e-86 -1.9766830348874059e-48 6.9004020035896960e-12 4.1706775217769656e-77 -1.8248021265781036e-01
2.3600468971312007e-03 1.6708254429388535e-09 3.9751316084337786e-86 1.9720626490080492e-48 6.9000359530268807e-12 2.3791423725519929e-77 2.4197996618595202e-01
2.6416199499454378e-03 1.6642949749676791e-09 5.9531288915788950e-86 -3.3396070709407821e-49 6.8995143041180024e-12 3.5769674133003411e-77 -3.3551162941185091e-02
2.9567869894586278e-03 1.6577858420112086e-09 4.6886588868257063e-86 1.6339044079777065e-49 6.8990272957834775e-12 2.8282657313187535e-77 1.8532675112538536e-02
3.3095560552578287e-03 1.6512971497724693e-09 4.6441897695950427e-85 -7.6851618056053524e-48 6.8985713401046493e-12 2.8124494554084110e-76 -2.7751433487894622e-01
3.7044133790981085e-03 1.6448272074922591e-09 1.6977410185899093e-85 -4.5616535567848879e-48 6.8981389846169255e-12 1.0321698296675940e-76 -2.7297723942698948e-01
4.1463804371707569e-03 1.6383772924023066e-09 1.7021979568002112e-82 5.8271216409560629e-48 6.8977349292474710e-12 1.0389535821168067e-73 1.1034231507330690e-02
4.6410778091774659e-03 1.6319480594987306e-09 4.6513881749565723e-85 7.4747571057269341e-48 6.8973613389500484e-12 2.8502060147583947e-76 2.7130176951467805e-01
5.1947966563186000e-03 1.6255400186865398e-09 4.3158071710755297e-80 3.0952370770195255e-45 6.8970200631011528e-12 2.6549990289151820e-71 3.6954222557291788e-01
5.8145787271947549e-03 1.6191302066262525e-09 2.3950441549543021e-83 1.8773917324253016e-47 6.8966221160918595e-12 1.4792165232620822e-74 9.5336071320038199e-02
6.5083059090719876e-03 1.6127004507935418e-09 4.5684208836937383e-76 -8.2401434189441973e-45 6.8960922092907307e-12 2.8327770860644401e-67 -9.6000802369324793e-03
7.2848004633513739e-03 1.6062920382067428e-09 5.1238237413868347e-84 -1.8722663109731581e-48 6.8955939240100663e-12 3.1898456940040921e-75 -2.0637556658923983e-02
8.1539372199564124e-03 1.5999041774149183e-09 3.1374198835144363e-85 6.1412047106799002e-50 6.8951241689308464e-12 1.9610048700440259e-76 2.7410708800972659e-03
9.1267691574359600e-03 1.5935361125661739e-09 2.4427519594930620e-83 -3.2752103229233711e-48 6.8946800545153507e-12 1.5329128346889742e-74 -1.6600400046112750e-02
1.0215667965808752e-02 1.5871892507390583e-09 1.7694513372965676e-79 1.9411229058320974e-46 6.8942681326854700e-12 1.1148332415133488e-70 1.1582954916472443e-02
1.1434481379714164e-02 1.5808600640173827e-09 4.6397010088602219e-84 -1.0818779385482699e-48 6.8938735968754061e-12 2.9349220177461610e-75 -1.2632419904899170e-02
1.2798709282705146e-02 1.5745566742822847e-09 1.2656067174223526e-85 -6.0507632189375712e-49 6.8935325055421136e-12 8.0378606759216350e-77 -4.2862907209382024e-02
1.4325700822235062e-02 1.5682440608024943e-09 1.8021535314621976e-80 5.0609607867494118e-47 6.8931025251693895e-12 1.1491537423964535e-71 9.5198532339627537e-03
1.6034875042087809e-02 1.5619174364563238e-09 1.6027294816782626e-84 1.0052542029376481e-47 6.8925614913554492e-12 1.0261294510640288e-75 2.0091702926513738e-01
1.7947967838075788e-02 1.5556113830410486e-09 4.4995877115825026e-78 7.0047059193623572e-46 6.8920507401691042e-12 2.8924882915078090e-69 8.3724582326650098e-03
2.0089308377588704e-02 1.5493258137873631e-09 4.3336837261947593e-82 -3.0798364566824332e-48 6.8915701949238769e-12 2.7971416261379965e-73 -3.7586135103636295e-03
2.2486128498273687e-02 1.5430598385877702e-09 9.4089766477442259e-83 -5.7845737921658603e-48 6.8911160810278456e-12 6.0976097053730931e-74 -1.5181293840451218e-02
2.5168909020528776e-02 1.5368137254602482e-09 1.3789674767511263e-79 -1.3770796504223233e-46 6.8906898541786498e-12 8.9728992779404696e-71 -9.4595708350652084e-03
2.8171767377932019e-02 1.5305880705242765e-09 8.8557909146848500e-76 -1.1702791271783421e-44 6.8902944766027096e-12 5.7858747792614455e-67 -1.0051864368054459e-02
3.1532891495177004e-02 1.5243830694858869e-09 1.0077754843920239e-83 -1.0341546360614572e-47 6.8899312749480611e-12 6.6110382919163887e-75 -8.3436586886588240e-02
3.5295025431222857e-02 1.5181668930938207e-09 2.6847492702658620e-82 -2.4991271096833728e-48 6.8894690411967041e-12 1.7684151080351270e-73 -3.9145038170116950e-03
3.9506012963676528e-02 1.5119422238040541e-09 1.5045966853417443e-83 4.5798811840555501e-48 6.8889150062252357e-12 9.9514165399533040e-75 3.0365229162385057e-02
4.4219406027273284e-02 1.5057384084469694e-09 1.9516331030231786e-82 1.4633410316890393e-47 6.8883933826883415e-12 1.2961302521572181e-73 2.6994276875660628e-02
4.9495145744084229e-02 1.4995543617406039e-09 2.2340464128531010e-81 1.5398690924960293e-47 6.8878994232176655e-12 1.4898068852001720e-72 8.4131106183490192e-03
5.5400324706243065e-02 1.4933900573322633e-09 1.7530872606079234e-82 -2.2519496250128399e-48 6.8874332488560962e-12 1.1738977717178415e-73 -4.4011916126251160e-03
6.2010040205286186e-02 1.4872449393580127e-09 9.1086762688223923e-79 -3.3804693430158236e-46 6.8869925655474572e-12 6.1245300137005427e-70 -9.1845549805528899e-03
6.9408349258788526e-02 1.4811209853636031e-09 1.8399096492858031e-82 6.0736569177142089e-48 6.8865869707549122e-12 1.2422412939035634e-73 1.1634741541005212e-02
7.7689337579550446e-02 1.4750171383206457e-09 6.6112009763617272e-82 -1.2885640939129351e-47 6.8862119777579332e-12 4.4821180748372801e-73 -1.3048701982162892e-02
8.6958316081621953e-02 1.4688978358224906e-09 2.5877665153012585e-82 4.8095302602820717e-47 6.8857162947100085e-12 1.7617062617920404e-73 7.8008930104757984e-02
9.7333160139361247e-02 1.4627755981481221e-09 7.6095054258452450e-82 1.9180376087804148e-46 6.8851498393421978e-12 5.2021003327365451e-73 1.8179839702265777e-01
1.0894580863113956e-01 1.4566735681925352e-09 4.6760034091590014e-81 6.8409558560938790e-47 6.8846138472595659e-12 3.2100557813793960e-72 2.6211885276333891e-02
1.2194394183132064e-01 1.4505915394471723e-09 4.2027164152375265e-81 4.5078618692403558e-47 6.8841075983420603e-12 2.8972431597382697e-72 1.8257150122455539e-02
1.3649285948858611e-01 1.4445286334152584e-09 5.0500789391858768e-82 -4.3737775874465292e-47 6.8836272099988880e-12 3.4960047328699309e-73 -5.1208792344566864e-02
1.5277758297448937e-01 1.4384857053492583e-09 7.7357631642820743e-81 1.0980243132990088e-47 6.8831770561701366e-12 5.3777129209663322e-72 3.2916041325963311e-03
1.7100520823566484e-01 1.4324625407812206e-09 7.4515261101834978e-80 9.5563167928732617e-48 6.8827564363667989e-12 5.2018994549900530e-71 9.2496710390076349e-04
1.9140753947263314e-01 1.4264598579756335e-09 1.1613067702889571e-78 3.8279349912009253e-46 6.8823693452833296e-12 8.1411808667159446e-70 9.4050540848359537e-03
2.1424403703820433e-01 1.4204371623610986e-09 3.4564226469253923e-81 -1.1868821131200173e-47 6.8818371399755569e-12 2.4333513220535640e-72 -5.3565251804132139e-03
2.3980511704446322e-01 1.4144173304337674e-09 3.1152656689184837e-80 4.5388318215925741e-46 6.8812578094435006e-12 2.2025081295936239e-71 6.8376640954530929e-02
2.6841584464007279e-01 1.4084175768575036e-09 1.9559992722547059e-75 -5.9981562654090894e-44 6.8807093925181842e-12 1.3887921482909779e-66 -3.6138299538794889e-02
3.0044006792601163e-01 1.4024372627843652e-09 2.2023592763661468e-80 -1.1899263529229299e-46 6.8801889798219619e-12 1.5703798913568766e-71 -2.1410868176986411e-02
3.3628504508154017e-01 1.3964763199419535e-09 4.5048275441070376e-79 -1.6139500225306684e-44 6.8796965322371654e-12 3.2258531561024154e-70 -6.4347874998871857e-01
3.7640662354444382e-01 1.3905343428822327e-09 2.6081509488619383e-80 1.1165470393792364e-46 6.8792303498119583e-12 1.8756465542993268e-71 1.8540430036322633e-02
4.2131503711018342e-01 1.3846123885396932e-09 2.4908964096213209e-79 4.8271053509987973e-47 6.8787960166250155e-12 1.7989846329833799e-70 2.5992307574181478e-03
4.7158139467276450e-01 1.3787107521522021e-09 7.2295924063556089e-80 6.5505402442034351e-47 6.8783959521916638e-12 5.2437339703560255e-71 6.5612053646323144e-03
5.2784494312589691e-01 1.3727852290960025e-09 1.1128000086256278e-71 -1.3962709741047084e-42 6.8778273007396069e-12 8.1061478885405954e-63 -1.1296914737201756e-02
5.9082119678813538e-01 1.3668679049390495e-09 9.7806985909042658e-79 5.8287807941807198e-46 6.8772349694519621e-12 7.1555550873369872e-70 1.5941512060783338e-02
6.6131103673547620e-01 1.3609699034561958e-09 2.7866649630852833e-79 3.4449341233708167e-46 6.8766708230158285e-12 2.0475581098513064e-70 1.7689448049338280e-02
7.4021089575933896e-01 1.3550911903196992e-09 4.3043952710640072e-79 5.5718401257762952e-46 6.8761348998684772e-12 3.1764617036942696e-70 2.3070569372965470e-02
8.2852415847401939e-01 1.3492316845890410e-09 4.9541634030168797e-79 1.1997110386313089e-45 6.8756270842621503e-12 3.6718403959849602e-70 4.6403231509028385e-02
9.2737392155095522e-01 1.3433913712846501e-09 5.0990297547683201e-78 -4.1764812927384388e-46 6.8751475760887103e-12 3.7956397992137251e-69 -5.0462119777389758e-03
1.0380172763541275e+00 1.3375706224928379e-09 1.4176578093308135e-78 -1.4738914938366335e-45 6.8746987680874054e-12 1.0598751090157144e-69 -3.3847098427046911e-02
1.1618612956116412e+00 1.3317697567117825e-09 5.3495197878302997e-79 -8.6635421296042913e-46 6.8742836590350722e-12 4.0168503308248843e-70 -3.2458131721872237e-02
1.3004809274290177e+00 1.3259415661454904e-09 3.5627563156149324e-77 5.9426136036472968e-44 6.8736769981330583e-12 2.6869632920339456e-68 2.7341493946963025e-01
1.4556390242058219e+00 1.3201266520787430e-09 1.1230866577828132e-78 -6.5719991856513346e-48 6.8730706135768836e-12 8.5074159817494784e-70 -1.7068017027257462e-04
1.6293087611671486e+00 1.3143308311669241e-09 2.8858391646017475e-78 -8.1647253136928878e-46 6.8724921702610398e-12 2.1956718173000363e-69 -1.3257241541270141e-02
1.8236987296107732e+00 1.3085539345532218e-09 5.1179711708352897e-77 -3.8593525148744871e-45 6.8719410643971001e-12 3.9111656277146215e-68 -1.4913161382971744e-02
2.0412810239855808e+00 1.3027959633965888e-09 9.3786550965915047e-78 -2.8108665070381351e-47 6.8714175710733337e-12 7.1988671749795057e-69 -2.5429143708381865e-04
2.2848226799899867e+00 1.2970571316962831e-09 1.9999380139424839e-74 5.5674453648200860e-44 6.8709231469005488e-12 1.5419043348745769e-65 1.0931207623088714e-02
2.5574208634947317e+00 1.2913374123013329e-09 2.1169787101589385e-77 -6.5740639215210404e-46 6.8704581127441454e-12 1.6393691455017974e-68 -3.9760863776226165e-03
2.8625422577942974e+00 1.2856375245316342e-09 9.8513998870753821e-78 2.7702924858363772e-45 6.8700281932054429e-12 7.6626573968928831e-69 2.4615994145629427e-02
3.2040671500821016e+00 1.2799073844343505e-09 5.7241474400931993e-67 2.6494381066158229e-38 6.8693850459623142e-12 4.4723137859095652e-58 9.7883412175201345e-01
3.5863387778057247e+00 1.2741944195143031e-09 5.6332607190205857e-77 -1.0603891214289205e-45 6.8687613573058323e-12 4.4210370354375511e-68 -3.9579243442853899e-03
4.0142185624491233e+00 1.2685002047491861e-09 1.1238730764740804e-76 -2.1971791234175980e-45 6.8681647949812772e-12 8.8598572729146545e-68 -5.8191768954994356e-03
4.4931479331604987e+00 1.2628252545735441e-09 5.5618917958594472e-77 2.0252189858605109e-45 6.8675984084258170e-12 4.4043241736860080e-68 7.6416843226728677e-03
5.0292175264486056e+00 1.2571687108294727e-09 1.6436419134694710e-74 7.2647780182721133e-44 6.8670578240111023e-12 1.3074155436027402e-65 1.5981662798766370e-02
5.6292446419734423e+00 1.2515312318596654e-09 2.4571674263080070e-76 -2.5806982783087362e-45 6.8665469406175633e-12 1.9633288916464932e-67 -4.6537067326940015e-03
6.3008599394513780e+00 1.2459127565893391e-09 1.9385794669167027e-76 -8.4401246739390593e-46 6.8660659188748610e-12 1.5559512146127509e-67 -1.7173675059316085e-03
7.0526044792157618e+00 1.2403121193739173e-09 1.1316993796204241e-76 -9.8792699876027822e-45 6.8656114057732072e-12 9.1243112273359177e-68 -2.6369009806800466e-02
7.8940383405165750e+00 1.2346816917231705e-09 3.1771965014522641e-76 -1.1947151092001984e-44 6.8649379589383724e-12 2.5732919850929702e-67 -1.9075011749049967e-02
8.8358621988787931e+00 1.2290705767046081e-09 9.7211403373070134e-76 6.1777771396835657e-45 6.8642955428346958e-12 7.9093426541634394e-67 5.6517796308695589e-03
9.8900534086418208e+00 1.2234789110952817e-09 1.4753629022450707e-75 1.8019863967038885e-44 6.8636851483581731e-12 1.2058752209503126e-66 1.3412317780540417e-02
1.1070018321267991e+01 1.2179051005284028e-09 1.1510937594325473e-75 -2.0688973623770775e-44 6.8630981842731521e-12 9.4514240800299739e-67 -1.7473377980229236e-02
1.2390762776481113e+01 1.2123503460169177e-09 1.5413770541709187e-75 -1.0735059397575361e-45 6.8625415748150287e-12 1.2713957308091613e-66 -7.8530061326330652e-04
1.3869082934403316e+01 1.2068141386450181e-09 1.6606751804835551e-75 -1.9856025762334293e-45 6.8620128623421113e-12 1.3760819726127182e-66 -1.4025869226788625e-03
1.5523778875539390e+01 1.2012966285005797e-09 2.8508607803969937e-75 -9.3265258350116576e-44 6.8615133071012823e-12 2.3731530687431860e-66 -5.0397241251913021e-02
1.7375893685000193e+01 1.1957929638546453e-09 3.8949758532629331e-75 -3.1847396960120248e-44 6.8610205517576397e-12 3.2572326238711563e-66 -1.4756846490495598e-02
1.9448981061445298e+01 1.1902648721863816e-09 7.0295268521228655e-75 -1.6354669907533787e-43 6.8603290177419962e-12 5.9058508878031677e-66 -5.6540146258331668e-02
2.1769404853978518e+01 1.1847558296672569e-09 1.0394682692630789e-74 -1.7427181360071909e-44 6.8596681620132371e-12 8.7736919560464834e-66 -4.9660044606576635e-03
2.4366674336264968e+01 1.1792655937306679e-09 8.8711148803859729e-75 9.0164104224323233e-45 6.8590367779457396e-12 7.5225758536054123e-66 2.7876532816965656e-03
2.7273819481614613e+01 1.1737940100469442e-09 5.2952998441301048e-75 9.7429269267025047e-44 6.8584342999231275e-12 4.5112684157574861e-66 3.9079430158814529e-02
3.0527811011476878e+01 1.1683407517168452e-09 1.0328288432594287e-73 5.5817680674197077e-44 6.8578590776106154e-12 8.8401336831032776e-65 5.0812767044619098e-03
3.4170030559184283e+01 1.1629058150471503e-09 1.3350033483393823e-74 2.2950184467659154e-44 6.8573115170950744e-12 1.1479892275586001e-65 5.8246888686158144e-03
3.8246796928107173e+01 1.1574896110216452e-09 4.0069061784102020e-74 3.5851460591867996e-45 6.8567944570509970e-12 3.4617210731365020e-65 5.2643373973177267e-04
4.2809955136744520e+01 1.1520827027502834e-09 5.0532539930114193e-74 1.7303432309959030e-43 6.8562594368189264e-12 4.3861903151120602e-65 2.2678006024117948e-02
4.7917535741751280e+01 1.1466569139259662e-09 1.3630365588782296e-73 7.3922066374985190e-44 6.8555486783749957e-12 1.1887047837276930e-64 5.9129417292518825e-03
5.3634492823638418e+01 1.1412499540857320e-09 2.1843503513536973e-73 -2.7819089395235326e-43 6.8548684183912980e-12 1.9139981942900532e-64 -1.7619410549201447e-02
6.0033530020252066e+01 1.1358616279288285e-09 1.2194124840124641e-72 1.2724528721942246e-43 6.8542177392012106e-12 1.0735572485497070e-63 3.4190360009518925e-03
6.7196025112856077e+01 1.1304914459534940e-09 2.7270721915739878e-73 1.8361694276536668e-43 6.8535939693973986e-12 2.4122890989890547e-64 1.0457570339517327e-02
7.5213064922958125e+01 1.1251395988691275e-09 2.4051031594707663e-73 -5.2137709312590980e-43 6.8529985472733582e-12 2.1376042243008105e-64 -3.1694352740516685e-02
8.4186603680859946e+01 1.1198062513923325e-09 6.0813845231114435e-73 -5.3630725621366208e-44 6.8524329291924589e-12 5.4307470739246526e-64 -2.0551380348910438e-03
9.4230759597124461e+01 1.1144910784422218e-09 3.4943178832420801e-73 -1.3423578577256483e-44 6.8518955017631845e-12 3.1353484570968997e-64 -6.8021907398805768e-04
1.0547326612571032e+02 1.1091812154492348e-09 9.8693775473377206e-73 2.2087448296871796e-42 6.8513171634515323e-12 8.8978945999734385e-64 6.6757399624706018e-02
1.1805709637476394e+02 1.1038577438149963e-09 7.2893591968691002e-72 -3.1128752150928628e-42 6.8505862119906454e-12 6.6035313315614858e-63 -3.4702477519044088e-02
1.3214228132300988e+02 1.0985529472114546e-09 2.6163254447441649e-72 1.1204621160301863e-42 6.8498859873501673e-12 2.3816106919428820e-63 2.0899735889202221e-02
1.4790794496434918e+02 1.0932665339226145e-09 2.8674845379570419e-72 4.4292853952549616e-44 6.8492149208024971e-12 2.6228595214275656e-63 7.9107943549444875e-04
1.6555458226198792e+02 1.0879980308199069e-09 3.3221815324033475e-72 1.6618190929261395e-43 6.8485703393845508e-12 3.0534811996854235e-63 2.7641271060426407e-03
1.8530660888127176e+02 1.0827475063247944e-09 4.1021592436107182e-72 1.2655832371316809e-42 6.8479529675449316e-12 3.7886572997381562e-63 1.8989820520150184e-02
2.0741521512667251e+02 1.0775154598186546e-09 1.2963487401098420e-71 2.4769636667564499e-43 6.8473663756760958e-12 1.2030906176770929e-62 2.0957861029178813e-03
2.3216156037698519e+02 1.0723018648503097e-09 1.2749883711690083e-71 7.0534339866834726e-43 6.8468109628585591e-12 1.1890200072970991e-62 6.0323837813324975e-03
2.5986034864298404e+02 1.0670889137644317e-09 1.2877178387168802e-71 -5.4047344081508053e-43 6.8461852400626673e-12 1.2067577707035891e-62 -4.6106663673469985e-03
2.9086383071858171e+02 1.0618679011619558e-09 3.0119994980121986e-70 4.3580276044440861e-42 6.8454339030201068e-12 2.8365105440293455e-61 7.7059694476436747e-03
3.2556628382162273e+02 1.0566650062385249e-09 1.3990549508233474e-70 -2.2265516027987915e-41 6.8447109073376748e-12 1.3240288478972621e-61 -5.7909086749842721e-02
3.6440902569275795e+02 1.0514804183896737e-09 5.3543942495829179e-71 6.1972427789838554e-43 6.8440177021363184e-12 5.0922434273983827e-62 2.6118169901411530e-03
4.0788602691764822e+02 1.0463133310476611e-09 6.9454319422145125e-71 -6.9439991165576503e-43 6.8433493653205437e-12 6.6380038714217029e-62 -2.5759008804559841e-03
4.5655019284548547e+02 1.0411645797239956e-09 2.2877441592577609e-71 -1.4208567124193408e-42 6.8427116456937112e-12 2.1972934959660497e-62 -9.2063368913299862e-03
5.1102039499218699e+02 1.0360337607302317e-09 1.2516809585271572e-70 -3.7375368749960498e-42 6.8421023649133146e-12 1.2081468828244845e-61 -1.0378909127959825e-02
5.7198934134795434e+02 1.0309211881786903e-09 1.4494874058525611e-70 3.8841043107111242e-43 6.8415241317980781e-12 1.4060118488915183e-61 1.0047798770662292e-03
6.4023238567742260e+02 1.0258060035492916e-09 6.5956051234993732e-71 1.6017992943083710e-42 6.8408533392477084e-12 6.4296807590115109e-62 6.1581201262492355e-03
7.1661738784194051e+02 1.0206871391499201e-09 3.4716677812456382e-70 -3.9086971788498053e-42 6.8400784241415973e-12 3.4013045213218018e-61 -6.5662380667520321e-03
8.0211575053960439e+02 1.0155861596786760e-09 4.0069141096283415e-70 -1.9561873139067428e-43 6.8393313814636064e-12 3.9454201609995355e-61 -3.0665287072107139e-04
8.9781477281935702e+02 1.0105034317734456e-09 8.2689503128324505e-70 -3.4514313807434427e-42 6.8386149707179834e-12 8.1830007230359853e-61 -3.7757667344594154e-03
1.0049314774711835e+03 1.0054386540107996e-09 8.6270699693680517e-70 -2.3598385205212685e-42 6.8379274584563335e-12 8.5804041200860644e-61 -2.5338029474327854e-03
1.1248280881379642e+03 1.0003906547061189e-09 2.7657370574893880e-69 -1.7653337051477574e-41 6.8372612594354406e-12 2.7646570312093417e-60 -1.0612960693902629e-02
1.2590293529743558e+03 9.9536005631664106e-10 1.8495005522483028e-69 9.3518106304887338e-42 6.8366208448250685e-12 1.8581221343082959e-60 6.8925252702461614e-03
1.4092419351610260e+03 9.9034972509095131e-10 1.9945768667005044e-69 3.0519844888908884e-41 6.8360267394378241e-12 2.0140126423696713e-60 2.1715140343324328e-02
1.5773761168671087e+03 9.8533233935128798e-10 2.7345853302701995e-69 -1.6383902591624818e-41 6.8353078408435136e-12 2.7752923770578411e-60 -9.9811423379057192e-03
1.7655700926742970e+03 9.8031543450268580e-10 5.5264044521143883e-69 2.5441364325790484e-42 6.8345066381737126e-12 5.6373737040240871e-60 1.0930402234653734e-03
1.9762171614067499e+03 9.7531662255932281e-10 5.6027074797720259e-68 7.1929561952656111e-41 6.8337358778636908e-12 5.7445011703686470e-59 9.7305105595784126e-03
2.2119961621705006e+03 9.7033560831837332e-10 1.1963072680121705e-68 -6.7886717849748312e-41 6.8329938142994633e-12 1.2328799002701902e-59 -1.9925189343030322e-02
2.4759055416632677e+03 9.6537204627671694e-10 1.2943236595966145e-68 1.1690573325307448e-41 6.8322783181660623e-12 1.3407511275975005e-59 3.3072498522199170e-03
2.7713014859952409e+03 9.6042604685615403e-10 2.3908734359041841e-68 2.9972180535426331e-41 6.8315905091463754e-12 2.4893883748055749e-59 6.2547230087806431e-03
3.1019406019504513e+03 9.5549752981191507e-10 1.5817211306859306e-68 -3.9418860443220910e-41 6.8309303123179928e-12 1.6553900782949009e-59 -1.0139681711815502e-02
3.4720276904745510e+03 9.5058759189556848e-10 3.7675069582935883e-68 2.9001044873780757e-41 6.8303060971539118e-12 3.9633453985874101e-59 4.8460795974541865e-03
3.8862692199335042e+03 9.4566828427545949e-10 3.1309176163347989e-68 -1.5306453282139049e-42 6.8295375255475832e-12 3.3107990067929652e-59 -2.8129974482985707e-04
4.3499331791729664e+03 9.4075324929452938e-10 3.3360251221192952e-67 -7.3487072842795916e-39 6.8287078129567837e-12 3.5461212859174068e-58 -4.1481879831005980e-01
4.8689160715411354e+03 9.3585482243064872e-10 8.7363722616342975e-68 -1.5132092393818194e-40 6.8278988374901818e-12 9.3351789746018054e-59 -1.6735133355039084e-02
5.4498179018507817e+03 9.3097702649390060e-10 1.1854425349135191e-67 -3.0246958009112861e-43 6.8271405782717605e-12 1.2733316732615267e-58 -2.8792008926036378e-05
6.1000261099042546e+03 9.2611509006466583e-10 1.8629226122025353e-67 3.0762619073709750e-41 6.8263982615617537e-12 2.0115454679314824e-58 2.3420352120989323e-03
6.8278095179798011e+03 9.2127034334954777e-10 2.2764398390214428e-67 5.7916956210813656e-41 6.8256820490104489e-12 2.4709791815774511e-58 3.9993010347860311e-03
7.6424234870278769e+03 9.1644352925307173e-10 2.6525187547324967e-67 2.3948130408903816e-40 6.8249979197780146e-12 2.8943613764116783e-58 1.5359940317683115e-02
8.5542276188684318e+03 9.1163442276686551e-10 4.7230110739651436e-67 1.0833738165315300e-41 6.8243453438174015e-12 5.1808169547070414e-58 5.2210577320326186e-04
9.5748175012307147e+03 9.0681199293578680e-10 5.2449516873133444e-67 1.2147271781639290e-40 6.8235138452503407e-12 5.7839460970657345e-58 5.5699253516009401e-03
1.0717172171062850e+04 9.0200051767016756e-10 8.6488272522720357e-67 1.8824928215953469e-40 6.8226664842850612e-12 9.5884947767121263e-58 6.7398669607075037e-03
1.1995819171429746e+04 8.9720570218051202e-10 1.1344338180923446e-66 1.0168997036756132e-42 6.8218413424392731e-12 1.2644077220366394e-57 3.1874437250183923e-05
1.3427019301059710e+04 8.9242797927069490e-10 2.5322788838369075e-66 1.0568852040843445e-40 6.8210419400554538e-12 2.8375162395808372e-57 2.2232354685870958e-03
1.5028973406035624e+04 8.8766741793630295e-10 2.4812593121264112e-66 -1.6108291724957898e-40 6.8202691958070028e-12 2.7952578431852063e-57 -3.4323239404583836e-03
1.6822053843439437e+04 8.8292439810496225e-10 3.1956824375641689e-66 4.3360126167086174e-41 6.8195263115647354e-12 3.6194293015609539e-57 8.1629468783801979e-04
1.8829063560517658e+04 8.7819867829115439e-10 5.0134658767832347e-66 -7.5216371307122112e-40 6.8188120065376652e-12 5.7088059919865769e-57 -1.1335663790793447e-02
2.1075526084128109e+04 8.7349069011447572e-10 6.8399855975538133e-66 -4.0053508316797739e-41 6.8181315853374395e-12 7.8306336575349147e-57 -5.1818379627389217e-04
2.3590010108317405e+04 8.6876758451741113e-10 1.0068011524624173e-65 -9.7758902353406359e-41 6.8172513017927825e-12 1.1588843442192677e-56 -1.0452800474340569e-03
2.6404492807873805e+04 8.6405714306420527e-10 1.8721080399841332e-65 1.4253498095423926e-40 6.8163655541064051e-12 2.1666484155724675e-56 1.1206881387435090e-03
2.9554766498181507e+04 8.5936424815259367e-10 5.0552452107100373e-64 -7.3036902763275852e-39 6.8155099179834355e-12 5.8825407521635679e-55 -1.1081092848892329e-02
3.3080893812948219e+04 8.5468825038031317e-10 3.1222362017401647e-65 -1.0242487843354964e-41 6.8146796631175614e-12 3.6530702280636877e-56 -6.2700169207960109e-05
3.7027717188389579e+04 8.5002967785661687e-10 2.3021370535231113e-65 3.1942825021213276e-40 6.8138791907248678e-12 2.7083019728535125e-56 2.2834457101124184e-03
4.1445429133076264e+04 8.4538772376764628e-10 6.0749953313783703e-66 3.4561254842104235e-39 6.8131025970483074e-12 7.1860463082003243e-57 4.8226812608758052e-02
4.6390210535675418e+04 8.4076347612435587e-10 7.5873237163724779e-65 -5.6374051487869664e-40 6.8123590832560680e-12 9.0243260225189073e-56 -2.2320196945253574e-03
5.1924945128069798e+04 8.3615635469406242e-10 9.8624839982131594e-65 2.9963598691746753e-39 6.8116468014295678e-12 1.1795023673319686e-55 1.0434149829772128e-02
5.8120019189816230e+04 8.3153203386885128e-10 1.5163329755948587e-64 6.2292728893623066e-40 6.8107095937063684e-12 1.8235412633952883e-55 1.7542867151020851e-03
6.5054216663938940e+04 8.2692369804298747e-10 1.7244344443876708e-64 1.9102438258922252e-39 6.8097915907042650e-12 2.0853610175506498e-55 5.0586279713624891e-03
7.2815721067419217e+04 8.2233245887531301e-10 8.7137268515682244e-65 1.3493718488674430e-40 6.8089013167228432e-12 1.0596355230201915e-55 5.0408753453801624e-04
8.1503236937864989e+04 8.1775834054378153e-10 3.7296349952786534e-64 -2.9798341293203410e-41 6.8080393086605480e-12 4.5608033698544402e-55 -5.3956830819824006e-05
9.1227245078013613e+04 8.1320101986439081e-10 6.1104545800390872e-64 2.9381819497326661e-39 6.8072032651795839e-12 7.5140763855142052e-55 4.1681464424818369e-03
1.0211140756125617e+05 8.0866080108883617e-10 1.1157321999770734e-63 1.1992147321261554e-39 6.8063961059709773e-12 1.3797283094157345e-54 1.2625069447992512e-03
1.1429414036590174e+05 8.0413766297768342e-10 8.8517256956635638e-64 -3.6118753714694200e-39 6.8056182615498171e-12 1.1007724302933462e-54 -4.2810823426618662e-03
1.2793037363767481e+05 7.9962951303338509e-10 2.6300102318096126e-63 1.5058957432554515e-38 6.8048570971372427e-12 3.2890359709619771e-54 1.0384169756640218e-02
1.4319352196604590e+05 7.9510609240932950e-10 2.5434249152362280e-63 -2.2433618748746272e-40 6.8038751138393030e-12 3.1988497378118998e-54 -1.5775289345102694e-04
1.6027768973076867e+05 7.9059987708859320e-10 3.6350176545472776e-63 -3.6565314612733393e-39 6.8029227816336289e-12 4.5977968880204419e-54 -2.1569380958171339e-03
1.7940013956444076e+05 7.8611053811779354e-10 4.8270947960532394e-63 1.8117357396558539e-39 6.8019975745324835e-12 6.1404784212801518e-54 9.3005820543605065e-04
2.0080405532300571e+05 7.8163812140825514e-10 5.9657605398593425e-63 1.9503211074282498e-39 6.8011002141643753e-12 7.6323817588515281e-54 9.0317175257105661e-04
2.2476163470141057e+05 7.7718237946180688e-10 8.7722798086353480e-63 -1.5409199254710337e-39 6.8002288132845842e-12 1.1287286022503607e-53 -5.9014993046806858e-04
2.5157755082380751e+05 7.7274186309338539e-10 1.2187771364154970e-62 -2.5337585808404497e-39 6.7993710237532859e-12 1.5772112197164715e-53 -8.2563075635132125e-04
2.8159282683001639e+05 7.6832151968096268e-10 1.4764948221594136e-62 -2.1881346486816347e-39 6.7985712063506017e-12 1.9217147825984521e-53 -6.4966067693653106e-04
3.1518917273208225e+05 7.6391118089928438e-10 2.3735890923246045e-62 -1.4546904541387432e-39 6.7977477054341700e-12 3.1071532289007607e-53 -3.4162243734931809e-04
3.5279383969359257e+05 7.5948997938291959e-10 2.0826962961851702e-62 1.5688612936115544e-38 6.7967285899659085e-12 2.7422301185294723e-53 3.9446688620723650e-03
3.9488505346452852e+05 7.5508586990853309e-10 4.8700923536501247e-62 -6.2175106430340481e-39 6.7957394942702915e-12 6.4497198897922171e-53 -1.0252971902197320e-03
4.4199809606968879e+05 7.5069830441012789e-10 8.7853756389810551e-63 9.0513938319034461e-39 6.7947757491834546e-12 1.1702937901111008e-53 3.5245410776144747e-03
4.9473211309269955e+05 7.4632762543320453e-10 1.1412959288174337e-61 -1.0708280918059608e-38 6.7938407224414606e-12 1.5292157089253805e-52 -1.1602614504240042e-03
5.5375773312511726e+05 7.4197349064890542e-10 1.1810519982562335e-61 1.8066911048464822e-38 6.7929317362469163e-12 1.5917711523943053e-52 1.9299906385336415e-03
6.1982559627862636e+05 7.3763608864989587e-10 1.9268641198781117e-61 3.6815850941362273e-38 6.7920509185850314e-12 2.6122150875303216e-52 3.0880777050035627e-03
6.9377590021907911e+05 7.3331540946159924e-10 2.1572404363515890e-61 2.3382541174301319e-38 6.7911987732015014e-12 2.9417634056475600e-52 1.8590754937538078e-03
7.7654908512108051e+05 7.2900298363513661e-10 2.7061989295610677e-61 -1.8671210344222373e-38 6.7903085901379266e-12 3.7121918432579567e-52 -1.3293151664863468e-03
8.6919779342574684e+05 7.2468394202536765e-10 5.3514946182906300e-61 3.5288642057499494e-38 6.7892492474131828e-12 7.3845911409794981e-52 1.7919384200188119e-03
9.7290025649619824e+05 7.2038182594817440e-10 5.9842746214285799e-61 -4.8806741177276931e-39 6.7882197073679366e-12 8.3070871666591707e-52 -2.3506754912692410e-04
1.0889752784113942e+06 7.1609625342651853e-10 8.8236070745512345e-61 -1.2133563924350779e-38 6.7872166911731322e-12 1.2321817119319225e-51 -4.8270255948796507e-04
1.2188990074501052e+06 7.1182714157411673e-10 1.3554231863018397e-60 3.3199304584307838e-38 6.7862396890570796e-12 1.9041465366219260e-51 1.0688192320854873e-03
1.3643237085512390e+06 7.0757460833347150e-10 1.8261564651872119e-60 -5.1781380382370204e-38 6.7852902263128287e-12 2.5808677186541523e-51 -1.4405174090678674e-03
1.5270987754834217e+06 7.0333844131187738e-10 2.1735208237822306e-60 -1.0130257321496977e-37 6.7843667584439496e-12 3.0902915241318920e-51 -2.5909342802326076e-03
1.7092942499396391e+06 6.9911928643976564e-10 3.5183879616405238e-60 -4.1532384151876798e-38 6.7834760819974648e-12 5.0326003442956927e-51 -8.3741234283835086e-04
1.9132271466538357e+06 6.9490476121348611e-10 5.7279315371964817e-60 -5.8724704815634173e-38 6.7825133686902718e-12 8.2427576509822867e-51 -9.3080624747327164e-04
2.1414909193209154e+06 6.9068807416545306e-10 3.3601028934427487e-60 2.2786951463455741e-37 6.7814127712116213e-12 4.8648630534162695e-51 4.7300851657797998e-03
2.3969884420439247e+06 6.8648803128781360e-10 9.0462259389061937e-60 -4.8194209056093887e-38 6.7803406639980812e-12 1.3177543564650317e-50 -6.1156786473013790e-04
2.6829689257398876e+06 6.8230415586847958e-10 1.5217150205133281e-59 -8.8140830374745650e-39 6.7792925900435842e-12 2.2302590529826009e-50 -8.6501067221012208e-05
3.0030692389771515e+06 6.7813673673400148e-10 1.6903797686523351e-59 -3.2358807027360566e-38 6.7782716789699408e-12 2.4926827837014600e-50 -3.0223288929800290e-04
3.3613601587292859e+06 6.7398581033143950e-10 2.3290382719915563e-59 4.7343940152372073e-37 6.7772787122187041e-12 3.4556191484895323e-50 3.7787721823563740e-03
3.7623981392253814e+06 6.6985111511391903e-10 3.8867028124838746e-59 3.9634917383693402e-38 6.7763116613466085e-12 5.8023383477131002e-50 2.4563946771812435e-04
4.2112832572508063e+06 6.6573321397208663e-10 5.6877692613338602e-59 -8.2000764912189305e-37 6.7753768296552666e-12 8.5436164847445053e-50 -4.2140220742380172e-03
4.7137240708003053e+06 6.6161706231621363e-10 6.3510308249396674e-59 -1.0658336562265651e-37 6.7743399738869655e-12 9.5992548963379854e-50 -5.1995285999812194e-04
5.2761102159030130e+06 6.5750248242112678e-10 9.9985352313604430e-59 6.5725830279640842e-38 6.7731926440315397e-12 1.5206840276165581e-49 2.5634165976953479e-04
5.9055936648471970e+06 6.5340421222304291e-10 1.6872761310054041e-58 4.2896638946414883e-37 6.7720716094770341e-12 2.5822853594176764e-49 1.2919307021498354e-03
6.6101796791813737e+06 6.4932231083734040e-10 1.8662425908541866e-58 3.4793616090110392e-37 6.7709778026408123e-12 2.8741390211088757e-49 9.9950588633723964e-04
7.3988286141581517e+06 6.4525658799883835e-10 2.4693846945154397e-58 -5.2086810399079840e-37 6.7699096746811186e-12 3.8269809877863426e-49 -1.3048697522319492e-03
8.2815698692875355e+06 6.4120718763431369e-10 3.9846810037505313e-58 -1.0605670330227097e-37 6.7688689786656212e-12 6.2143423851060000e-49 -2.0981771476231189e-04
9.2696294341310132e+06 6.3717395799721928e-10 5.8842850295844945e-58 -2.2058436107008246e-36 6.7678548339709559e-12 9.2349741475312687e-49 -3.6024574450495219e-03
1.0375572651360195e+07 6.3315718704512485e-10 8.5040255578393752e-58 6.6444561709156977e-37 6.7668708633396335e-12 1.3431144322197035e-48 9.0550612470526298e-04
1.1613464012625350e+07 6.2913964419192926e-10 1.1129202561442633e-57 -4.6807072197470877e-37 6.7657559403268495e-12 1.7689558533125103e-48 -5.5937870213090195e-04
1.2999046019388901e+07 6.2512717792824410e-10 1.4483396687531619e-57 1.6407416188961010e-36 6.7645582884378179e-12 2.3168720220310291e-48 1.7243316165555774e-03
1.4549939383330679e+07 6.2113096945109172e-10 1.7977015530856735e-57 1.3645120938304548e-36 6.7633876413037753e-12 2.8942391242773568e-48 1.2912995527601680e-03
1.6285867112312028e+07 6.1715101115626711e-10 3.2648008987780389e-57 -1.0617483450803489e-36 6.7622442707587583e-12 5.2901167457560359e-48 -7.4799297595917963e-04
1.8228905331643511e+07 6.1318690918323475e-10 4.3884450744934096e-57 2.8490846204957309e-37 6.7611242810221905e-12 7.1567820655839195e-48 1.7368150650848979e-04
2.0403764030397303e+07 6.0923895488787004e-10 6.1946688817809286e-57 -1.7543150460997693e-37 6.7600311669011462e-12 1.0167880487748938e-47 -9.0303525816309011e-05
2.2838101303069219e+07 6.0530724237222378e-10 9.3465905672859439e-57 -2.1769186601733566e-36 6.7589666614097448e-12 1.5441068457493213e-47 -9.1522454275681266e-04
2.5562875082862630e+07 6.0139182348121046e-10 1.2055757295834494e-56 2.0520199333957544e-36 6.7579321192123696e-12 2.0046427013338265e-47 7.6208877968838077e-04
2.8612736839652386e+07 5.9747302148390672e-10 1.9320896412801916e-56 1.0589845504482585e-35 6.7567333824503455e-12 3.2337688427865416e-47 3.1168567186334356e-03
3.2026472249361608e+07 5.9356252111704065e-10 2.2527879720361927e-56 3.8341223717887799e-36 6.7554798158360296e-12 3.7953676182192447e-47 1.0485099959830603e-03
3.5847494438829444e+07 5.8966825797063272e-10 3.2983698182203115e-56 6.4337225565905821e-36 6.7542543406192188e-12 5.5936024597487835e-47 1.4588437521695684e-03
4.0124396078857176e+07 5.8578998822802936e-10 4.1299755073296104e-56 -1.5450657373719878e-36 6.7530545340499698e-12 7.0502664612320802e-47 -3.1412481906868120e-04
4.4911567346506417e+07 5.8192774901670164e-10 5.8986492068038232e-56 6.3655784781353852e-36 6.7518811887068379e-12 1.0136394452354134e-46 1.0864933151339821e-03
5.0269887615396075e+07 5.7808128156028757e-10 9.2387290196713672e-56 8.9192079049650536e-36 6.7507317701293215e-12 1.5981712804703344e-46 1.2204660957556143e-03
5.6267499670352004e+07 5.7425103977560072e-10 1.0607043571752054e-55 4.4333187910845432e-36 6.7496121596406559e-12 1.8471091625531849e-46 5.6804257848558706e-04
6.2980676292250313e+07 5.7043680833631800e-10 1.7295100325693927e-55 -6.4803520854621382e-37 6.7485221132311126e-12 3.0319046865392819e-46 -6.5242904797493801e-05
7.0494790233575374e+07 5.6661683364264854e-10 2.4954319648191319e-55 1.9357141685084631e-36 6.7472316047798307e-12 4.4040907658471373e-46 1.6278846407314152e-04
7.8905399920058757e+07 5.6280869082546463e-10 2.9578799595403100e-55 3.3550074742224136e-36 6.7459221778445627e-12 5.2555690908077902e-46 2.6002962040149737e-04
8.8319464685477555e+07 5.5901647008851721e-10 4.3595784614789848e-55 4.3191406298023552e-36 6.7446384838667951e-12 7.7986583486326781e-46 2.7667046108306102e-04
9.8856704993981108e+07 5.5523998875313792e-10 6.8854338677369664e-55 1.2192908503599610e-35 6.7433787011085015e-12 1.2400824881505896e-45 6.2359308514043808e-04
1.1065112494815534e+08 5.5147916364101251e-10 8.7012888414666038e-55 -8.5982091189418525e-36 6.7421421706892894e-12 1.5778091748776826e-45 -3.9251084130944935e-04
1.2385271644485562e+08 5.4773447848980894e-10 1.1833288660257043e-54 8.7169598652284780e-36 6.7409352259450137e-12 2.1604060224368752e-45 3.4239489215434502e-04
1.3862936665087739e+08 5.4400543875806846e-10 1.9377660197584051e-54 1.6513809713536795e-36 6.7397524699779838e-12 3.5620342770509936e-45 5.0862181953768183e-05
1.5516899305620003e+08 5.4029251698344060e-10 2.6242901334639816e-54 1.2471381755376274e-34 6.7386035755155718e-12 4.8571654260842065e-45 3.3120293239886486e-03
1.7368193325669119e+08 5.3657175614864750e-10 3.7484052523445373e-54 1.6166857383531372e-35 6.7372174143387869e-12 6.9858415195937181e-45 3.6048602575904185e-04
1.9440361985758564e+08 5.3286569109081649e-10 5.1281780567115180e-54 2.9027263000831495e-35 6.7358440315067134e-12 9.6237722609120296e-45 5.5528464005255714e-04
2.1759757451500225e+08 5.2917531220572965e-10 7.7709239428152043e-54 5.2140951153956867e-35 6.7344946073595387e-12 1.4684970677154475e-44 8.1309788755678451e-04
2.4355875919130632e+08 5.2550060114624938e-10 8.9964410132729598e-54 6.3086172562649391e-35 6.7331695456829741e-12 1.7119753990099065e-44 9.1751294975550720e-04
2.7261732724286002e+08 5.2184168926573763e-10 1.2525304260356002e-53 -4.4253499993398253e-35 6.7318705903808100e-12 2.4002115043701952e-44 -5.4737391418129542e-04
3.0514282204346663e+08 5.1819842887494551e-10 2.0728376137198433e-53 2.6264115485388797e-35 6.7305965574787880e-12 4.0000847131477346e-44 2.5341486882100753e-04
3.4154887653821856e+08 5.1457108322992860e-10 2.6285331589219771e-53 -6.0491427264613184e-35 6.7293514036019687e-12 5.1082022379159911e-44 -5.2013300536854685e-04
3.8229847349285686e+08 5.1095761226165496e-10 3.4422841035581046e-53 -7.0639545514977284e-35 6.7281155519618132e-12 6.7369269406154851e-44 -5.3263794704704655e-04
4.2790983333424574e+08 5.0733772682122240e-10 5.3173722747362498e-53 -3.0269664900357362e-35 6.7266448743477682e-12 1.0480932116073452e-43 -1.8429370471131408e-04
4.7896300445877469e+08 5.0373369842789622e-10 7.2422764266712088e-53 3.5828440379593892e-35 6.7252014569543971e-12 1.4377192650151554e-43 1.8758143443179388e-04
5.3610723981887466e+08 5.0014526467084475e-10 1.0401730879241197e-52 -2.6568710054839259e-34 6.7237820300154249e-12 2.0797419497886832e-43 -1.1648488683623432e-03
6.0006925359712052e+08 4.9657252183632321e-10 1.5690796464132304e-52 -6.4981696156478496e-34 6.7223883596715349e-12 3.1598197190025340e-43 -2.3279690745953321e-03
6.7166246296965110e+08 4.9301524287716786e-10 1.9072273409080051e-52 6.4334343189644743e-35 6.7210177095511579e-12 3.8684956874308669e-43 2.0980288992917566e-04
7.5179733248812616e+08 4.8947344811459403e-10 2.8897415848142167e-52 1.0062523427234866e-34 6.7196711113507917e-12 5.9037759779314511e-43 2.6755485226967083e-04
8.4149295263177526e+08 4.8594743583750105e-10 4.0652008379274098e-52 -2.0512812982975622e-34 6.7183528380751740e-12 8.3655155642940724e-43 -4.6151898402065137e-04
9.4188999977614307e+08 4.8243260337352922e-10 5.5094185932045035e-52 -7.1767467502035056e-34 6.7170116386340392e-12 1.1420079311967169e-42 -1.3920550527332324e-03
1.0542652423929516e+09 4.7891503937536621e-10 8.4030590044821770e-52 -7.4922815500133438e-35 6.7154671190252997e-12 1.7546032831714831e-42 -1.1810441831417485e-04
1.1800477779592423e+09 4.7541304253774433e-10 1.2109108376283439e-51 -4.8384657761322268e-35 6.7139472178953628e-12 2.5470711345328866e-42 -6.3769945293193838e-05
1.3208372070636151e+09 4.7192672731053707e-10 1.5677403908988380e-51 1.2470920546230249e-33 6.7124540006791024e-12 3.3219995820818046e-42 1.4498536007628688e-03
1.4784239758331723e+09 4.6845559535145682e-10 2.2060819026328575e-51 -2.4516741326318581e-34 6.7109805052326202e-12 4.7092657757193699e-42 -2.4116690703270907e-04
1.6548121453797703e+09 4.6499993796491121e-10 2.7540726611249725e-51 -2.2173928514670995e-33 6.7095314033946123e-12 5.9227376957903900e-42 -1.9594243399829419e-03
1.8522448778288856e+09 4.6155987278633840e-10 3.9278928437380989e-51 -5.2800000517628740e-34 6.7081090160042921e-12 8.5100397051984800e-42 -3.9213904661173775e-04
2.0732329630418420e+09 4.5813530202702954e-10 6.4296909575885048e-51 1.8699555072818733e-33 6.7067125609816442e-12 1.4034480488930231e-41 1.0895303807380993e-03
2.3205867488112669e+09 4.5471911941352736e-10 8.5271797025863306e-51 1.6686087914649431e-33 6.7052549730595154e-12 1.8752630664803001e-41 8.4738390743515160e-04
2.5974518805920539e+09 4.5130386184235608e-10 1.1054131688124778e-50 -1.1265133069193420e-33 6.7036297620967297e-12 2.4493767110696852e-41 -5.0435866238098253e-04
2.9073493052768793e+09 4.4790388911100261e-10 1.5853234899033311e-50 4.8906600173065912e-34 6.7020263954171627e-12 3.5394278291485102e-41 1.8353382218635911e-04
3.2542200477520609e+09 4.4451935331669681e-10 2.0505092350522546e-50 1.6751621127607047e-33 6.7004472594502112e-12 4.6128683031520876e-41 5.5485645170877504e-04
3.6424753296656046e+09 4.4115023423222081e-10 3.1918776285978193e-50 -4.3392974813859082e-33 6.6988924757512365e-12 7.2353529045563646e-41 -1.1563866007652630e-03
4.0770526677774811e+09 4.3779635743204110e-10 4.2243032220027031e-50 -2.3486389396379048e-33 6.6973598489468444e-12 9.6490140913482577e-41 -5.4613831105111872e-04
4.5634786653057384e+09 4.3445775840748016e-10 5.8731088786379004e-50 5.9460399170294689e-33 6.6958504552102595e-12 1.3518250658397683e-40 1.1771180406078441e-03
5.1079392947977848e+09 4.3113465719128839e-10 8.6514235431231215e-50 2.5449189767328152e-33 6.6943685969083211e-12 2.0066639039145039e-40 4.1670019662613491e-04
5.7173585663276386e+09 4.2781749631660062e-10 1.2623442565187651e-49 -4.5735240226449890e-33 6.6927879700611431e-12 2.9506606611165432e-40 -6.2234727095769604e-04
6.3994865814579144e+09 4.2450429215863903e-10 1.5973161810703445e-49 2.4267734657131318e-34 6.6910707182644130e-12 3.7627798130093365e-40 2.9470855924205343e-05
7.1629980927652740e+09 4.2120649146779877e-10 2.1817443199248004e-49 3.1549825331981603e-33 6.6893779233577124e-12 5.1797499898968073e-40 3.2911486956199617e-04
8.0176028223298130e+09 4.1792388110740578e-10 3.1176215548690914e-49 2.2826227568576894e-34 6.6877070430452660e-12 7.4597832184370137e-40 1.9997414598907420e-05
8.9741689421300983e+09 4.1465649345907496e-10 4.4455503367252684e-49 1.7665762667419529e-32 6.6860585018618271e-12 1.0721043579084883e-39 1.3011440801225487e-03
1.0044861286666912e+10 4.1140431171069410e-10 6.9450595153042547e-49 3.8091601329577620e-33 6.6844327732820319e-12 1.6881348390408042e-39 2.2534961733829061e-04
1.1243296055493059e+10 4.0816742765118392e-10 8.8379879095746998e-49 -1.1455856245384761e-32 6.6828318063822731e-12 2.1652849568210919e-39 -6.0315881798703283e-04
1.2584713973030111e+10 4.0494576253549243e-10 1.1918187711016396e-48 -6.3243619950110738e-33 6.6812552459067200e-12 2.9431565443216112e-39 -2.8788111771611358e-04
1.4086174107778873e+10 4.0172753748991016e-10 1.7455890520505722e-48 -9.5610880192089488e-33 6.6795370073809446e-12 4.3452063628931953e-39 -3.6105262785719847e-04
1.5766770815760136e+10 3.9851672541631021e-10 2.7095691337606591e-48 4.9954498632984802e-33 6.6777240431165433e-12 6.7991352958401174e-39 1.5202016858444577e-04
1.7647876567096096e+10 3.9532104419300108e-10 3.3431323622838005e-48 1.1299943484823604e-32 6.6759324918469347e-12 8.4567528377053417e-39 3.1083113817107942e-04
1.9753413743804897e+10 3.9214038659459542e-10 4.8338150549404485e-48 -1.8839267934896521e-32 6.6741608248721990e-12 1.2326746288282131e-38 -4.3271128481056355e-04
2.2110158865313622e+10 3.8897479510346133e-10 7.5587234824028691e-48 -1.0560818593051073e-32 6.6724102367597844e-12 1.9432424870594416e-38 -1.9476576601400018e-04
2.4748083110582611e+10 3.8582421834393954e-10 1.0573085254350920e-47 -3.3396627219621025e-32 6.6706802516097045e-12 2.7403892113702508e-38 -5.2288598240910226e-04
2.7700733467326641e+10 3.8268900812192606e-10 1.3139094604069025e-47 2.3263973007543564e-32 6.6689776505947800e-12 3.4333608557376864e-38 3.2807880267086471e-04
3.1005659355481533e+10 3.7956901458326493e-10 1.8152390836630016e-47 6.2370624348146453e-32 6.6673010354200126e-12 4.7823689867203273e-38 7.5139413082300852e-04
3.4704890150366913e+10 3.7644995481042280e-10 2.8339488269455118e-47 -4.8028800748164637e-32 6.6654333881724661e-12 7.5280891675831546e-38 -4.6499910403403829e-04
3.8845469678299126e+10 3.7334139873512505e-10 3.8377529426483985e-47 -5.3568758234530271e-32 6.6635125231301207e-12 1.0279473306873139e-37 -4.4752777831281602e-04
4.3480054481938858e+10 3.7024773061016875e-10 5.0601562710718094e-47 1.9737224509459602e-33 6.6616101961437826e-12 1.3666947432014411e-37 1.4419756077488309e-05
4.8667583463626083e+10 3.6716896324625636e-10 7.5826032791921514e-47 1.2457698567392794e-32 6.6597263372121955e-12 2.0651536589999244e-37 7.4661320956849337e-05
5.4474027422685608e+10 3.6410534255408829e-10 1.0339961807683998e-46 1.1512574468295241e-32 6.6578661769754515e-12 2.8398269948889817e-37 5.9333430579986199e-05
6.0973228018714729e+10 3.6105671914871443e-10 1.4757185834330025e-46 4.6200194991020095e-32 6.6560272684903716e-12 4.0872209411097367e-37 2.0014941249158350e-04
6.8247836830106499e+10 3.5802279811783575e-10 1.9172363603742620e-46 1.0054124609641981e-32 6.6542051888640408e-12 5.3550678070038534e-37 3.8375239055479558e-05
7.6390366449996658e+10 3.5500425428670008e-10 2.7373731924444345e-46 -6.0648298799076012e-32 6.6524162755559913e-12 7.7108179955323635e-37 -1.9455161469046216e-04
8.5504366986625687e+10 3.5198494011025112e-10 4.1626516491462217e-46 1.9321665654745287e-31 6.6503898330026677e-12 1.1826220882752448e-36 5.0477459302021729e-04
9.5705742929891586e+10 3.4897838194092294e-10 5.2857643668534847e-46 -1.1120147162930375e-31 6.6483454782940229e-12 1.5146394849605009e-36 -2.5891509616080038e-04
1.0712422713093903e+11 3.4598689181897680e-10 7.6271502246733647e-46 9.3746998131711403e-32 6.6463233715394275e-12 2.2044621935168438e-36 1.8249307844534735e-04
1.1990503063967032e+11 3.4301008943352063e-10 1.0774607045298998e-45 1.0958508185326506e-31 6.6443166862646641e-12 3.1411924538701488e-36 1.8025912926169111e-04
1.3421068938146738e+11 3.4004838462907874e-10 1.5880780974338120e-45 5.3578965425719769e-32 6.6423340427998120e-12 4.6701533346969761e-36 7.2910157657111478e-05
1.5022313115767908e+11 3.3710138120119575e-10 2.2134927014646807e-45 6.5288857423577035e-32 6.6403679797926295e-12 6.5662522460671225e-36 7.5582239383514485e-05
1.6814598925630380e+11 3.3416934136545547e-10 2.9199604037346238e-45 8.5541108041768537e-32 6.6384247947439323e-12 8.7379661814675159e-36 8.6597048283694857e-05
1.8820719209550079e+11 3.3125150236290447e-10 4.1212918406053199e-45 -1.3260267279116567e-31 6.6364966239065928e-12 1.2441579317247036e-35 -1.1348975670955806e-04
2.1066186183292963e+11 3.2833244658626842e-10 5.9161827163292353e-45 -4.1186578224894699e-31 6.6343028165416280e-12 1.8018879272642265e-35 -2.9551397365742629e-04
2.3579555880307614e+11 3.2542817025447038e-10 8.0272703320517509e-45 -3.8671348094635340e-31 6.6321263811521763e-12 2.4666796134381302e-35 -2.3926424043168990e-04
2.6392791304269995e+11 3.2253884162262919e-10 1.1342199145930358e-44 -6.3842502543237464e-32 6.6299714406010039e-12 3.5165374467366458e-35 -3.3378764493952536e-05
2.9541668908721716e+11 3.1966405114623887e-10 1.5535097991725381e-44 1.4219028545947310e-31 6.6278292986884078e-12 4.8598201568240889e-35 6.3806662391391607e-05
3.3066233573079718e+11 3.1680407030207769e-10 2.2310721266422175e-44 -6.5053119418698039e-31 6.6257062027665171e-12 7.0424351698349548e-35 -2.4468984452268109e-04
3.7011307861034814e+11 3.1395888454461853e-10 3.1031021035274380e-44 -1.8039878823824057e-31 6.6236027886976636e-12 9.8837849676664837e-35 -5.7796187914581452e-05
4.1427062037677185e+11 3.1112858440624758e-10 4.2732687946558618e-44 1.8239427101933458e-30 6.6215214266807557e-12 1.3734735440046097e-34 5.0022009097249278e-04
4.6369652094363385e+11 3.0830974327574366e-10 6.2928059352388406e-44 4.2739414764947049e-30 6.6194039695432718e-12 2.0410661915444982e-34 9.7031507090190254e-04
5.1901933895210114e+11 3.0549313562382488e-10 8.4540923230518796e-44 1.1299312607874812e-30 6.6170663728310372e-12 2.7673591767580652e-34 2.2234010316613394e-04
5.8094262527154395e+11 3.0269111943951182e-10 1.2946197745412422e-43 3.0972079153694102e-30 6.6147426201034652e-12 4.2770325635534611e-34 4.9476549307605892e-04
6.5025387019064404e+11 2.9990393843409674e-10 1.6877248711265603e-43 2.2425521064367216e-30 6.6124390158222432e-12 5.6275515417995563e-34 3.1521046892415999e-04
7.2783451808218652e+11 2.9713111102813904e-10 2.3639579169696607e-43 7.8543894996708794e-31 6.6101444134121662e-12 7.9559421051193393e-34 9.3717026412700990e-05
8.1467117689989624e+11 2.9437300243100163e-10 3.3589507586629872e-43 -4.8171158578895326e-30 6.6078682411651658e-12 1.1410525866584164e-33 -4.8443586051977086e-04
9.1186816506072717e+11 2.9162991829673282e-10 4.6662499453903587e-43 1.0265134524335636e-30 6.6056169939691297e-12 1.6000587225904783e-33 8.7996339812670789e-05
1.0206615552735942e+12 2.8890100665215047e-10 6.4913114845790507e-43 -7.8982484920233393e-30 6.6033735358902786e-12 2.2468981883454896e-33 -5.7675323758011514e-04
1.1424348939126914e+12 2.8618146333307545e-10 9.1820385855308975e-43 -9.0544784033386890e-31 6.6010495692041266e-12 3.2084672705877810e-33 -5.5856424293584230e-05
1.2787367958416414e+12 2.8346715038183601e-10 1.2510116340767937e-42 -5.9082592518842691e-31 6.5985476337147075e-12 4.4132508207446814e-33 -3.1374549637552297e-05
1.4313006384452451e+12 2.8076735399068358e-10 1.8001486658488292e-42 1.5202010288065905e-31 6.5960579388371775e-12 6.4115312562605180e-33 6.7619745374427925e-06
1.6020666053215305e+12 2.7808184672018912e-10 2.5447319514608602e-42 7.6670356491385620e-30 6.5935765427175535e-12 9.1510178800754826e-33 2.8821736391732852e-04
1.7932063599681262e+12 2.7541146406798060e-10 3.5427183049008287e-42 -1.7482446773446941e-30 6.5911234383939394e-12 1.2863365426307635e-32 -5.5968400697273922e-05
2.0071506632427285e+12 2.7275487571403799e-10 4.8887951512447203e-42 4.0235283430114690e-30 6.5886660837239708e-12 1.7923768139603257e-32 1.1018434229572498e-04
2.2466202858143628e+12 2.7011401376550936e-10 6.8344230268075991e-42 1.6255607723191143e-29 6.5862531337373734e-12 2.5301993523152336e-32 3.7833691997010753e-04
2.5146606087249316e+12 2.6748682941887896e-10 9.7686273123193017e-42 -1.3380363892530549e-30 6.5838344038994699e-12 3.6520031036824731e-32 -2.6175799336632406e-05
2.8146803520830508e+12 2.6486639494901673e-10 1.3763419385384378e-41 -1.8028935088875936e-30 6.5812708215941331e-12 5.1963630146563715e-32 -2.9860252314941712e-05
3.1504949244102559e+12 2.6225408999082969e-10 1.8956982017322605e-41 1.9464539596294281e-29 6.5785770933522345e-12 7.2284790746201440e-32 2.7605676958648617e-04
3.5263749439218442e+12 2.5965745674824296e-10 2.7471067235573355e-41 2.5701347824788271e-30 6.5759258992644324e-12 1.0579733615048297e-31 3.0431105780242334e-05
3.9471005487963350e+12 2.5707411294647254e-10 3.7989446540837513e-41 2.2631436224567175e-29 6.5732571478688323e-12 1.4777624283292811e-31 2.2900842484224241e-04
4.4180221871079697e+12 2.5450543215204627e-10 5.2945346985340153e-41 1.2776538667695320e-28 6.5706057971770616e-12 2.0803228653174531e-31 1.1006539235443272e-03
4.9451286594993291e+12 2.5195167017516577e-10 7.1887880746025811e-41 1.7971979740956035e-29 6.5679786759112187e-12 2.8532408892565305e-31 1.3353941185558667e-04
5.5351232799058389e+12 2.4941188093676666e-10 1.0211712669159604e-40 -5.2415184698504880e-29 6.5653526760895338e-12 4.0943168508273976e-31 -3.2843486882931465e-04
6.1955091228824023e+12 2.4688666665125226e-10 1.4554600006555202e-40 2.5402488151686819e-29 6.5627443685901682e-12 5.8952555858817495e-31 1.3400694364530541e-04
6.9346844416394023e+12 2.4436622708379994e-10 2.0091825727277173e-40 1.9386058690857705e-29 6.5599311792973747e-12 8.2220141330688593e-31 8.7490163914062856e-05
7.7620494702366338e+12 2.4185607053863230e-10 2.8839654100243239e-40 2.0518239037371303e-29 6.5570244222146284e-12 1.1924304416265048e-30 7.7690258262352012e-05
8.6881259681597686e+12 2.3936166580470168e-10 3.9221188935973092e-40 4.3716913976611648e-29 6.5541660198250275e-12 1.6385743641997452e-30 1.4267957941205023e-04
9.7246910275504258e+12 2.3688035790398902e-10 5.6398778507048054e-40 -2.3006251464849396e-30 6.5512811348359947e-12 2.3808972177383861e-30 -6.2942862262777385e-06
1.0884926844741611e+13 2.3441373972306059e-10 7.5704149391617623e-40 9.4658818446781208e-29 6.5484159266913082e-12 3.2295099033467700e-30 2.2470343188259233e-04
1.2183588360772959e+13 2.3196117736014981e-10 1.1095649752970412e-39 3.8561081235626860e-29 6.5455511654525561e-12 4.7834081027028830e-30 7.6009028376194823e-05
1.3637190902800781e+13 2.2952571456794935e-10 1.5851009108846315e-39 -2.7346330537659900e-29 6.5427781816588672e-12 6.9059839934203729e-30 -4.5337224238302910e-05
1.5264220212675812e+13 2.2710036691164497e-10 2.1640951785044830e-39 4.3895195321867734e-29 6.5398970474605938e-12 9.5292456279757564e-30 6.2613775129569070e-05
1.7085367533661824e+13 2.2468018041373821e-10 2.9908805338811745e-39 2.7976097448075988e-28 6.5368026836147235e-12 1.3311723928535245e-29 3.4127558283347017e-04
1.9123792744938145e+13 2.2227355142774167e-10 4.1681954252167873e-39 2.6769215678339124e-28 6.5336953594404625e-12 1.8752547923236899e-29 2.7811071154438014e-04
2.1405418890217047e+13 2.1988018951605999e-10 5.9847925725752108e-39 2.3488903894169014e-28 6.5305641621189197e-12 2.7218425569612686e-29 2.0476001292179732e-04
2.3959261846055047e+13 2.1750140587046268e-10 8.4117639471648924e-39 4.3117223917761091e-28 6.5274491652954176e-12 3.8674526785241501e-29 3.1876910166975681e-04
2.6817799322310219e+13 2.1513740928522776e-10 1.1714854771138726e-38 6.2786406659899298e-28 6.5243592189460006e-12 5.4452895059302528e-29 3.9549336944544235e-04
3.0017383887397164e+13 2.1278706403865710e-10 1.5908691735562958e-38 3.9744688733228961e-28 6.5212559540234793e-12 7.4763434551044046e-29 2.1601765917204772e-04
3.3598705270860031e+13 2.1045095066044220e-10 2.3285827556899652e-38 9.2808558138759199e-28 6.5181556570515989e-12 1.1064729089521103e-28 4.1924388919530297e-04
3.7607307822454359e+13 2.0812787249450697e-10 3.2873887138341288e-38 1.0038287482009867e-27 6.5150419604282591e-12 1.5795043087854038e-28 3.8376819258136615e-04
4.2094169708362195e+13 2.0581142820458155e-10 4.4789225991378870e-38 7.4636889707235188e-28 6.5117338943035468e-12 2.1762263826699310e-28 2.4582837545538506e-04
4.7116351210294016e+13 2.0350321730677667e-10 6.4639518093851790e-38 1.4127492817581605e-27 6.5082334189218066e-12 3.1763388780438359e-28 3.8952057296106371e-04
5.2737720372015594e+13 2.0121281631816964e-10 8.8423280050536606e-38 1.1489965626363231e-27 6.5048526072746318e-12 4.3945153031761396e-28 2.7240031099118588e-04
5.9029765221489711e+13 1.9893758331961695e-10 1.2477098896414387e-37 1.1445384251166210e-27 6.5015096003964893e-12 6.2718661241442952e-28 2.2972864447149156e-04
6.6072502897815734e+13 1.9667621215687837e-10 1.7761580824702984e-37 3.1189226610868978e-28 6.4981605254521937e-12 9.0308739577186361e-28 5.2770095466210361e-05
7.3955497244509156e+13 1.9442681630286080e-10 2.4629460897042665e-37 1.7152531610044479e-27 6.4947361065617552e-12 1.2667728333666218e-27 2.4786927302868604e-04
8.2778997810046141e+13 1.9219489809571375e-10 3.4942589500595901e-37 1.5608258618028483e-27 6.4914356833299002e-12 1.8180810129098415e-27 1.9046096561603962e-04
9.2655214740569938e+13 1.8997103441039577e-10 4.8974534919745090e-37 1.9962958001417462e-27 6.4879542403755000e-12 2.5780001183730491e-27 2.0696458601216535e-04
1.0370974577780217e+14 1.8775294794789258e-10 6.8662166802982929e-37 3.8350765676241788e-27 6.4842018323028049e-12 3.6570486670621471e-27 3.3777064602577404e-04
1.1608317350957333e+14 1.8555036259565856e-10 9.6791463419359778e-37 4.1942788085013382e-27 6.4805060371394575e-12 5.2164523995182141e-27 3.1297371458966497e-04
1.2993285318551080e+14 1.8336420735929286e-10 1.3483419909014884e-36 7.2249444304707209e-27 6.4768869934505497e-12 7.3533543449920998e-27 4.5949120015878941e-04
1.4543491383387331e+14 1.8118747191495274e-10 1.8414301590918372e-36 9.2666333613227232e-27 6.4730955899600281e-12 1.0163120770050718e-26 5.0731800005800317e-04
1.6278649812813319e+14 1.7902720307393666e-10 2.6522681900898815e-36 1.2363622458881515e-26 6.4693922755810333e-12 1.4814889271294251e-26 5.6738454659501045e-04
1.8220826948809806e+14 1.7687854988926915e-10 3.7437108176633180e-36 1.8046368059671815e-26 6.4655908054710911e-12 2.1165431421769253e-26 7.0129554321064509e-04
2.0394721829887244e+14 1.7475322329048786e-10 5.1747517196430370e-36 3.4677532947450102e-26 6.4621498442585796e-12 2.9611766937432553e-26 1.1531633650032026e-03
2.2827980293487669e+14 1.7262691702940593e-10 7.2365607043246776e-36 2.2056576316870103e-26 6.4581706460693962e-12 4.1920233697343816e-26 6.2404763107605694e-04
2.5551546553393056e+14 1.7051291644395142e-10 1.0287582780380125e-35 3.1394971355102420e-26 6.4541256065761258e-12 6.0333158302184767e-26 7.4959171608528165e-04
2.8600056723216131e+14 1.6841314902111104e-10 1.4109462896163238e-35 3.4806973316144634e-26 6.4500879562148374e-12 8.3778867494453059e-26 7.1404078894853615e-04
3.2012279290490175e+14 1.6632791178464776e-10 1.9727340767972751e-35 3.6035736409750827e-26 6.4460692702613272e-12 1.1860511297415090e-25 6.2909547401569430e-04
3.5831608142947312e+14 1.6426033112030817e-10 2.8143118901933260e-35 4.6906909270625023e-26 6.4421893842841949e-12 1.7133241306643033e-25 6.8989716162139235e-04
4.0106614416897675e+14 1.6220160327319048e-10 3.9711660795692500e-35 5.0424633608690978e-26 6.4380847216081397e-12 2.4482902754547712e-25 6.2828422392720545e-04
4.4891664185669856e+14 1.6015315842945417e-10 5.4986759577914179e-35 6.7520791185661528e-26 6.4338352608097187e-12 3.4333858986699461e-25 7.1951641287506987e-04
5.0247609843375425e+14 1.5812937373295297e-10 7.6285084899229142e-35 7.6931531068544346e-26 6.4300138751376228e-12 4.8242197574284009e-25 7.0045184459151667e-04
5.6242563976454731e+14 1.5610476910419673e-10 1.0935314406634856e-34 9.4627359796290315e-26 6.4256156276945729e-12 7.0051123161623326e-25 7.2425749844557752e-04
6.2952765564482638e+14 1.5409081194882144e-10 1.4947839757870425e-34 1.3977668380461585e-25 6.4210785069805985e-12 9.7006690852113153e-25 9.2099472776102219e-04
7.0463549525867875e+14 1.5209389691612379e-10 2.0983499416778808e-34 1.5677178292473819e-25 6.4166570270635157e-12 1.3796411192193145e-24 8.7755237351010140e-04
7.8870431938350062e+14 1.5010700511944523e-10 3.0060172603314069e-34 1.9705701602458937e-25 6.4120395922922535e-12 2.0025829293838866e-24 9.2767464573333797e-04
8.8280324735248900e+14 1.4814057077652151e-10 4.1045041781557042e-34 2.6313939354336994e-25 6.4077153965479005e-12 2.7706820330452099e-24 1.0671329050349339e-03
9.8812895324991638e+14 1.4618522297277322e-10 5.7805546252428446e-34 3.3146077976228673e-25 6.4032386873503968e-12 3.9542674065760149e-24 1.1402383815039639e-03
1.1060208842445584e+15 1.4423882453204697e-10 8.2657358753605258e-34 4.3105936705221930e-25 6.3985169447603128e-12 5.7305901529473749e-24 1.2484042481046022e-03
1.2379782945958510e+15 1.4231585295538582e-10 1.1361500970793185e-33 5.2011574759456890e-25 6.3942412497624480e-12 7.9832996358844637e-24 1.2934674618070125e-03
1.3856793119573428e+15 1.4039520178763876e-10 1.6024017947621194e-33 6.6813590781344672e-25 6.3894574722333687e-12 1.1413508256399718e-23 1.4086495755243139e-03
1.5510022784473868e+15 1.3848002070404274e-10 2.2931741005142819e-33 8.3237025345968605e-25 6.3842551520867801e-12 1.6559602525011290e-23 1.4770815633792318e-03
1.7360496378855222e+15 1.3659102832018703e-10 3.1409902415185130e-33 9.8539447286721200e-25 6.3795949002659510e-12 2.2995582361058342e-23 1.5044083702646764e-03
1.9431746729730320e+15 1.3470889292676685e-10 4.4377889462961728e-33 1.1926698991770043e-24 6.3746241000163781e-12 3.2943548490957704e-23 1.5425484121529794e-03
2.1750114324397218e+15 1.3284520556077141e-10 6.3048023626635722e-33 1.5312092988960557e-24 6.3698101482169492e-12 4.7459765943750039e-23 1.6731153230510123e-03
2.4345082287459105e+15 1.3098805198396866e-10 8.8367089218964941e-33 1.7678132005551746e-24 6.3646592881039514e-12 6.7461946246654612e-23 1.6431426024123680e-03
2.7249651323365200e+15 1.2915270966394833e-10 1.2254332897226872e-32 2.1191529856336080e-24 6.3598380373477812e-12 9.4882507142996042e-23 1.6844794310104188e-03
3.0500759392687930e+15 1.2732264219742327e-10 1.7359585691434566e-32 2.4289486814165856e-24 6.3545924272646356e-12 1.3634327242845959e-22 1.6337885192940240e-03
3.4139751459240380e+15 1.2550146149612702e-10 2.4301012734010090e-32 2.9848119496108950e-24 6.3491166172616640e-12 1.9363131269001214e-22 1.7091508548397248e-03
3.8212905281896405e+15 1.2370300369868214e-10 3.3612192731238907e-32 3.8484401288072432e-24 6.3440675367176352e-12 2.7171686803266357e-22 1.8873228127656236e-03
4.2772019937712715e+15 1.2191039551564692e-10 4.7503313749551764e-32 4.8387938571488623e-24 6.3385548741692646e-12 3.8965761327100956e-22 2.0107348138010302e-03
4.7875074560708810e+15 1.2012496958373367e-10 6.6379281404896467e-32 5.9623374876109737e-24 6.3327268210207002e-12 5.5258520884474796e-22 2.1114637812748270e-03
5.3586965673615940e+15 1.1836223703774620e-10 9.3683424957998512e-32 7.4021546320464049e-24 6.3273124201178615e-12 7.9149758658348514e-22 2.2229013579185800e-03
5.9980332489382520e+15 1.1661192708272293e-10 1.2968834050217535e-31 9.5450968517114597e-24 6.3217551675346465e-12 1.1121361574804967e-21 2.4544737213425868e-03
6.7136480677954090e+15 1.1487454453743433e-10 1.8370944121886234e-31 1.1961619210586658e-23 6.3161551674819590e-12 1.5992180161288622e-21 2.6038282439046719e-03
7.5146416346043620e+15 1.1314142812689838e-10 2.5944748741024233e-31 1.5014174077767687e-23 6.3100014127826033e-12 2.2931254422495747e-21 2.7711873261421190e-03
8.4112003379218800e+15 1.1142926283526616e-10 3.5618378984305289e-31 1.8284692510379857e-23 6.3042318390326598e-12 3.1965013568260326e-21 2.9023578433159569e-03
9.4147258864436820e+15 1.0971737381273309e-10 5.0978933048152211e-31 2.3205602341627254e-23 6.2976350604604357e-12 4.6463865545272400e-21 3.1028427970933811e-03
1.0537980306717074e+16 1.0803707430606295e-10 7.0666734162741675e-31 2.8691753775253850e-23 6.2920311821617221e-12 6.5409707377438595e-21 3.2836977643910838e-03
1.1795248240276120e+16 1.0636752590500983e-10 9.8374255255806833e-31 3.5154065664982201e-23 6.2861853199173742e-12 9.2485234021198080e-21 3.4366104153923833e-03
1.3202518604163242e+16 1.0468625212917239e-10 1.3848498309238944e-30 4.2132524126389076e-23 6.2787748332217741e-12 1.3228573979467026e-20 3.4992205083364683e-03
1.4777687925048256e+16 1.0305084259555037e-10 1.9528322462891723e-30 5.1901401524966142e-23 6.2733851382616187e-12 1.8950182231440518e-20 3.6586498130055578e-03
1.6540787932785318e+16 1.0140140106763469e-10 2.7514284695832445e-30 6.3305897514511534e-23 6.2661415676012720e-12 2.7134028135844423e-20 3.7900337656538372e-03
1.8514240307756600e+16 9.9787555736237225e-11 3.7983101442989669e-30 7.7094496824980841e-23 6.2602618555298014e-12 3.8063966155647949e-20 3.9599524779452252e-03
2.0723141821674916e+16 9.8155072938180430e-11 5.3337156993472824e-30 9.5040392282586325e-23 6.2521214291113019e-12 5.4339684538837212e-20 4.1537170927983006e-03
2.3195583498035108e+16 9.6566110215540842e-11 7.6123837717770998e-30 1.1348446640219585e-22 6.2460652536417745e-12 7.8830800523971021e-20 4.1856577429714341e-03
2.5963007851037736e+16 9.4982128009930347e-11 1.0580049767184475e-29 1.4301219386632487e-22 6.2393593025026052e-12 1.1138990027764313e-19 4.5113681170812240e-03
2.9060608746063576e+16 9.3390411505651112e-11 1.4749111370699240e-29 1.7533988482787586e-22 6.2311212088688061e-12 1.5792961111223675e-19 4.7243998270075300e-03
3.2527778966797628e+16 9.1848918569029919e-11 2.0615489808662360e-29 2.1928756273687525e-22 6.2251996227032340e-12 2.2445000039024515e-19 5.0394152757995189e-03
3.6408611180801976e+16 9.0286133736695096e-11 2.9037429822249121e-29 2.6874488881737821e-22 6.2169734037365015e-12 3.2161560829409406e-19 5.2486860800271097e-03
4.0752458674411712e+16 8.8776252140211105e-11 4.0372574974785889e-29 3.3500305507509293e-22 6.2113045283399564e-12 4.5476773350402766e-19 5.5957350038925314e-03
4.5614562987927352e+16 8.7221992045287140e-11 5.6930429271608186e-29 4.1533198597452013e-22 6.2015732885902379e-12 6.5270728100372831e-19 5.8940002354238193e-03
5.1056756432858608e+16 8.5736726278335241e-11 7.9907857720779596e-29 5.1505528449409656e-22 6.1956223046071164e-12 9.3201433259029698e-19 6.2226540258830277e-03
5.7148248425271112e+16 8.4221343973088876e-11 1.1205799673097832e-28 6.3583055053963655e-22 6.1868529674109298e-12 1.3305177932898345e-18 6.5449883869074703e-03
6.3966505635180760e+16 8.2773228539612130e-11 1.5796235804082028e-28 7.9312387817256322e-22 6.1813255728117536e-12 1.9083749761582088e-18 6.9361627288292791e-03
7.1598237145029368e+16 8.1270379139693331e-11 2.2161609024702500e-28 9.7306901623121655e-22 6.1710584707859971e-12 2.7268986879721015e-18 7.2506485877971670e-03
8.0140497145688384e+16 7.9802081398740157e-11 3.0985698709344622e-28 1.1932161697799104e-21 6.1621036453786670e-12 3.8828183634109823e-18 7.5880707898720607e-03
8.9701919193188048e+16 7.8401314848274666e-11 4.2940688313850268e-28 1.4549057697088494e-21 6.1570010645696082e-12 5.4770367559460949e-18 7.9293701622748236e-03
1.0040409772244690e+17 7.6959175271597730e-11 6.0459927373264003e-28 1.7816462591589361e-21 6.1478177866809647e-12 7.8561038576484231e-18 8.2595705529808494e-03
1.1238313438698662e+17 7.5537716189944002e-11 8.5362727442763429e-28 2.1761097554831987e-21 6.1390185999013044e-12 1.1300676238094605e-17 8.5696824487019891e-03
1.2579136888971682e+17 7.4128312060125679e-11 1.1965316067930499e-27 2.6549899796686713e-21 6.1300638748424040e-12 1.6141357782739471e-17 8.9147412680889559e-03
1.4079931631610634e+17 7.2740781903987619e-11 1.6696288313278601e-27 3.2572147167861748e-21 6.1220052851617529e-12 2.2953132859248682e-17 9.3464661632619243e-03
1.5759783560717398e+17 7.1333572050893988e-11 2.3375773252604164e-27 3.9906793792247043e-21 6.1105360328409424e-12 3.2769665923818273e-17 9.7727515502062361e-03
1.7640055674918691e+17 6.9998075805715144e-11 3.2944378533264793e-27 4.8841009247771980e-21 6.1039180284753737e-12 4.7064691641959359e-17 1.0170701749420048e-02
1.9744659754709459e+17 6.8643076077042698e-11 4.5796136617570112e-27 6.0394720684308710e-21 6.0944907465908577e-12 6.6716323385872245e-17 1.0771748064722603e-02
2.2100360453144682e+17 6.7293704773584776e-11 6.4158454029882911e-27 7.4309127188955049e-21 6.0842594078834543e-12 9.5340944960229678e-17 1.1309098734223819e-02
2.4737115667056403e+17 6.5958934751331177e-11 9.0047344875422034e-27 9.1597882168316962e-21 6.0740094724645137e-12 1.3652031406344793e-16 1.1885382420868786e-02
2.7688457517363974e+17 6.4644163088561254e-11 1.2647736805138261e-26 1.1268861421823528e-20 6.0642706900429285e-12 1.9565164433811455e-16 1.2462609002326916e-02
3.0991918783476486e+17 6.3336849097796098e-11 1.7704827679090221e-26 1.3890741160809753e-20 6.0537485671032227e-12 2.7953439318954507e-16 1.3117508057333664e-02
3.4689510214833997e+17 6.2060917551157935e-11 2.4909722611684833e-26 1.7096757708929713e-20 6.0447549975773981e-12 4.0137535174453855e-16 1.3750554611125714e-02
3.8828254789653478e+17 6.0794535845271988e-11 3.4913597671706374e-26 2.1002470740690823e-20 6.0353600526266784e-12 5.7428841566559301e-16 1.4415868541800297e-02
4.3460785715145402e+17 5.9525133312320473e-11 4.8908423816717584e-26 2.5822742637494760e-20 6.0240443403484153e-12 8.2164324706509327e-16 1.5134230530847750e-02
4.8646015774087891e+17 5.8286314446294783e-11 6.8614030653639023e-26 3.1688664855287307e-20 6.0149348263655153e-12 1.1771893849431868e-15 1.5845800280016024e-02
5.4449886529965395e+17 5.7027812069577179e-11 9.5816023007911109e-26 3.8784190234771095e-20 6.0014766859958465e-12 1.6801630560718329e-15 1.6591754118233718e-02
6.0946206918457971e+17 5.5795157339932037e-11 1.3439507353353189e-25 4.7495580516529248e-20 5.9893077248653727e-12 2.4087229060889547e-15 1.7344559410410985e-02
6.8217591889806733e+17 5.4579109033401834e-11 1.8847649159043198e-25 5.8071108150448421e-20 5.9771598214993832e-12 3.4532716808382806e-15 1.8105824156657121e-02
7.6356513038957286e+17 5.3388482080144656e-11 2.6463139765157995e-25 7.1008965533510648e-20 5.9662432234154823e-12 4.9567132711195004e-15 1.8891598799752767e-02
8.5466474584536550e+17 5.2191866403511505e-11 3.7215480038063733e-25 8.6782172133778160e-20 5.9530649911898590e-12 7.1305133543872619e-15 1.9690978125046280e-02
9.5663329651819610e+17 5.1026591446659327e-11 5.2238233619337692e-25 1.0611497429368305e-19 5.9416050079204839e-12 1.0237453088345989e-14 2.0553422616493608e-02
1.0707675359910638e+18 4.9837253148947780e-11 7.3112248578727600e-25 1.2969227163451663e-19 5.9255767733588882e-12 1.4670200293787693e-14 2.1485327500187789e-02
1.1985189312408333e+18 4.8710546705078774e-11 1.0249084679311839e-24 1.5869941235862834e-19 5.9151695648994477e-12 2.1040791722920673e-14 2.2460595987271563e-02
1.3415121212216556e+18 4.7578321018429105e-11 1.4335239763680794e-24 1.9430107304989825e-19 5.9022776960986657e-12 3.0129772250953779e-14 2.3527087212054855e-02
1.5015655777096765e+18 4.6455653032615866e-11 2.0038861855818537e-24 2.3801862882937578e-19 5.8886953627390418e-12 4.3135464787780869e-14 2.4669204129285267e-02
1.6807147311567639e+18 4.5349468469948791e-11 2.8130063653949037e-24 2.9138518440451708e-19 5.8749764009919770e-12 6.2029533317657112e-14 2.5798592225665950e-02
1.8812378556492989e+18 4.4232662074459061e-11 3.9487591182223636e-24 3.5661185742354870e-19 5.8582791591095679e-12 8.9272472716538444e-14 2.6983229043994320e-02
2.1056850421559598e+18 4.3153804630111339e-11 5.5469619321629449e-24 4.3646771505070753e-19 5.8444034103385807e-12 1.2853934849331316e-13 2.8210773028037355e-02
2.3569106285228575e+18 4.2075430367295072e-11 7.7754923094979849e-24 5.3380747504485673e-19 5.8284713216687592e-12 1.8479887767328417e-13 2.9512528503537024e-02
2.6381094986343772e+18 4.1016103061139197e-11 1.0916406389112542e-23 6.5268014508127563e-19 5.8129541358405708e-12 2.6614928221819327e-13 3.0844899254213066e-02
2.9528577123633731e+18 4.0004118217149028e-11 1.5277530247375592e-23 7.9785412511301527e-19 5.8013573083595086e-12 3.8189893761539186e-13 3.2273388628570147e-02
3.3051579830092160e+18 3.8947871734913085e-11 2.1368278795755247e-23 9.7335018297992746e-19 5.7820459126395541e-12 5.4863790610126923e-13 3.3739798037540632e-02
3.6994905805692457e+18 3.7922944360102665e-11 2.9937773489351220e-23 1.1870608756233918e-18 5.7647974063935479e-12 7.8943694891011722e-13 3.5229965491589479e-02
4.1408703081902044e+18 3.6903557851046313e-11 4.2037744375329535e-23 1.4464810674667535e-18 5.7456983636945085e-12 1.1391244319845374e-12 3.6724757102956411e-02
4.6349102763799163e+18 3.5913750913321975e-11 5.9038302598153571e-23 1.7619911687527810e-18 5.7287876665274803e-12 1.6438912978080670e-12 3.8265413695210408e-02
5.1878932860085576e+18 3.4940274445691377e-11 8.2907390426005970e-23 2.1452419026432844e-18 5.7117120452506020e-12 2.3728316889632468e-12 3.9858090839195157e-02
5.8068517278901811e+18 3.3973227544914342e-11 1.1626213912493136e-22 2.6105046343592930e-18 5.6932629509778697e-12 3.4221693823711331e-12 4.1537170567585095e-02
6.4996570150432266e+18 3.3010125404717546e-11 1.6263725470643773e-22 3.1749074391753234e-18 5.6728788161165076e-12 4.9268899379095846e-12 4.3330875487449870e-02
7.2751196849570355e+18 3.2066538513060078e-11 2.2791305723820732e-22 3.8612467120258821e-18 5.6526178686820415e-12 7.1075042023560751e-12 4.5166548810057001e-02
8.1431014448841318e+18 3.1144675755578281e-11 3.1885317681738528e-22 4.6971461323788619e-18 5.6340306406853061e-12 1.0237806914943128e-11 4.7135355898313074e-02
9.1146405850593372e+18 3.0227347025166662e-11 4.4821328844810237e-22 5.7103728944170416e-18 5.6128871547660627e-12 1.4828072343506796e-11 4.9059383802988257e-02
1.0202092354750583e+19 2.9322721445408793e-11 6.2947389002362802e-22 6.9424195573523385e-18 5.5914472145364766e-12 2.1467103289919053e-11 5.1099877439069172e-02
1.1419286086329283e+19 2.8420787701296576e-11 8.8382340374061692e-22 8.4361716911001729e-18 5.5669861074951167e-12 3.1097780012367894e-11 5.3228546332916848e-02
1.2781701065538091e+19 2.7542654413598678e-11 1.2399913296674673e-21 1.0252137541159924e-17 5.5440745264384946e-12 4.5020763467134054e-11 5.5475624936376249e-02
1.4306663384531538e+19 2.6680684400289836e-11 1.7404829306100300e-21 1.2455046088508668e-17 5.5208801283979803e-12 6.5233818757572224e-11 5.7797888370367194e-02
1.6013566281107536e+19 2.5830899604290100e-11 2.4345165616170214e-21 1.5122847522867853e-17 5.4968377257413612e-12 9.4248229782258078e-11 6.0305571981422362e-02
1.7924116766225220e+19 2.4999033099350167e-11 3.4052999163943083e-21 1.8351271962729163e-17 5.4731483337915855e-12 1.3621726497969901e-10 6.2896558341898404e-02
2.0062611676220318e+19 2.4166360256227345e-11 4.7840784424219668e-21 2.2238387767083850e-17 5.4454507149939463e-12 1.9796437654454385e-10 6.5403129569189491e-02
2.2456246660324516e+19 2.3329763421176994e-11 6.7261036820821182e-21 2.6903094863715753e-17 5.4131972219349537e-12 2.8830569597793248e-10 6.7914936161518488e-02
2.5135462032944067e+19 2.2547962264591799e-11 9.4442404793811311e-21 3.2566936274878197e-17 5.3887155193685846e-12 4.1885117442546756e-10 7.0573187989937947e-02
2.8134329888966517e+19 2.1779897763113044e-11 1.3280243497966260e-20 3.9389034026244192e-17 5.3648536371737077e-12 6.0974774235902983e-10 7.3239335097057379e-02
3.1490987405115531e+19 2.0989892333565457e-11 1.8604051496816620e-20 4.7518982424425083e-17 5.3309370043575137e-12 8.8633382128297154e-10 7.6042828068568422e-02
3.5248121837728449e+19 2.0239639370762792e-11 2.6048092141845658e-20 5.7349372472780699e-17 5.3025379229058228e-12 1.2869840035761703e-09 7.8984036627306839e-02
3.9453513384770003e+19 1.9493468094541917e-11 3.6496734509268037e-20 6.9134480523894615e-17 5.2698807681179516e-12 1.8722545554198117e-09 8.1963999866838888e-02
4.4160642815757435e+19 1.8744946895181108e-11 5.1093387008963354e-20 8.3220530226313177e-17 5.2333123757458053e-12 2.7257152103659608e-09 8.5036626848123464e-02
4.9429371596946751e+19 1.7999657134449641e-11 7.2129616324652758e-20 1.0007466725346008e-16 5.1910636080061515e-12 4.0072772218288610e-09 8.7828451834982765e-02
5.5326703161061310e+19 1.7328589522906638e-11 1.0119103110111636e-19 1.2068108720703165e-16 5.1649992273406629e-12 5.8395422418219773e-09 9.1135293437683146e-02
6.1927635002773275e+19 1.6644085410754708e-11 1.4242391698491368e-19 1.4526581269204469e-16 5.1306099102648381e-12 8.5570286532031247e-09 9.4350018006903472e-02
6.9316112436205814e+19 1.5930692680852717e-11 1.9840077175960830e-19 1.7431760892393944e-16 5.0813688516048592e-12 1.2453995144052098e-08 9.8051050663995651e-02
7.7586096143564308e+19 1.5267426515455628e-11 2.7950818673817244e-19 2.0947573300707829e-16 5.0423242877789601e-12 1.8307484980401043e-08 1.0140363730253998e-01
8.6842757091123200e+19 1.4619992040105573e-11 3.9125468449015578e-19 2.5157492460748551e-16 5.0015686595530343e-12 2.6761620180521058e-08 1.0518746963053996e-01
9.7203814008541299e+19 1.3985633529946768e-11 5.5150209947625022e-19 3.0178766282603700e-16 4.9591212054389757e-12 3.9433471250887779e-08 1.0866428447286336e-01
1.0880103044048763e+20 1.3371962986304607e-11 7.7591070303144280e-19 3.6183389032690819e-16 4.9185055492465872e-12 5.8025187386755153e-08 1.1233259389817561e-01
1.2178189040886443e+20 1.2756611179689847e-11 1.0921529191031310e-18 4.3274953391892068e-16 4.8707110019504767e-12 8.5614651902041643e-08 1.1593837904278462e-01
