# k_modes P_R(k) P_S(k) P_RS(k) 
4.5687042564690980e-05 1.6200755511775248e-09 1.9333805444452262e-83 -7.4158068102894840e-47
5.0790715046810445e-05 1.6120145810010507e-09 1.1512025142196601e-88 -5.4861938459217593e-50
5.6464515760974287e-05 1.6102979547247755e-09 3.7861076913987035e-78 7.3157820001237905e-44
6.2772133394517520e-05 1.6126602352945104e-09 2.3482106884031991e-86 -4.5985069973152920e-48
6.9784371260339171e-05 1.6170008462327603e-09 4.6319718706982519e-86 4.8219062302392145e-48
7.7579942067512579e-05 1.6215678464166300e-09 6.2931763547127598e-87 2.4733337073337940e-48
8.6246351475251058e-05 1.6250682866137561e-09 4.8352122027876895e-86 -6.0928815717134520e-48
9.5880880348162353e-05 1.6266930892749930e-09 1.1358029636242405e-84 1.7474037358780073e-47
1.0659167673865783e-04 1.6260425193070350e-09 5.0573200313508759e-83 2.8332411489966512e-46
1.1849896985406941e-04 1.6231503139266382e-09 4.2349483373594723e-87 -1.5859277864849553e-48
1.3173641963531483e-04 1.6182860501233186e-09 5.9969580272630283e-85 2.3219106599957325e-47
1.4645261709619634e-04 1.6118775815521897e-09 1.3828009606296616e-83 -1.4922938188987914e-46
1.6281275226471558e-04 1.6044055079536458e-09 2.6512725896999337e-84 2.7112653060267683e-47
1.8100046844912347e-04 1.5963556757862157e-09 3.1075246989419634e-86 7.0386871942742916e-48
2.0121992364293466e-04 1.5881332022003752e-09 3.1377008237698912e-83 1.1332693795858887e-46
2.2369808220827606e-04 1.5800689043238124e-09 8.8421383299676346e-86 -8.6638483551883215e-48
2.4868726256182383e-04 1.5723666822040537e-09 1.6367325853490762e-75 -5.7842243472439708e-43
2.7646796946123055e-04 1.5651411157448399e-09 3.2373955486202943e-83 -2.0308755853827499e-46
3.0735204268459153e-04 1.5584255499191873e-09 6.5442667668697837e-85 5.7683335171976011e-48
3.4168615744703063e-04 1.5521735791888345e-09 8.7832851794712095e-85 3.0376873911811561e-47
3.7985571584675249e-04 1.5463091022624998e-09 1.1387588846916487e-84 3.0855135144634566e-47
4.2228917302222622e-04 1.5407339098589959e-09 2.0058082646950734e-78 1.3475217041741337e-44
4.6946284658183098e-04 1.5353386750500202e-09 6.2614406794507255e-84 -4.3570412998633571e-47
5.2190626329204034e-04 1.5300295966961945e-09 3.1523670567927860e-83 -6.8703282708683301e-47
5.8020810304097530e-04 1.5247285061327232e-09 2.1710668100588439e-83 -5.7455168475559510e-47
6.4502280679861140e-04 1.5193573911883762e-09 1.2759406016259766e-83 -1.2982859149459302e-46
7.1707792274830809e-04 1.5138952520818501e-09 2.4567338456553036e-84 -5.3815516568590921e-47
7.9718227305034092e-04 1.5083407487146166e-09 8.9899661621731506e-82 7.9012060807868517e-46
8.8623503290975964e-04 1.5026958780476520e-09 9.3067216420563734e-83 -3.7082938557691753e-46
9.8523582386153379e-04 1.4969740639186635e-09 9.4098063080855496e-84 -2.5030707565859248e-47
1.0952959345706141e-03 1.4911980904290050e-09 7.5607104398098631e-84 7.8830121493378039e-48
1.2176507951009300e-03 1.4853893871460653e-09 3.3935129838766700e-83 -4.8104178336714423e-47
1.3536738446775804e-03 1.4795706362364650e-09 1.1152663968602259e-79 8.5329068270001977e-45
1.5048919486085445e-03 1.4737601060827902e-09 3.1622383296833496e-86 -6.3431400747735523e-48
1.6730025374215834e-03 1.4679705522321347e-09 7.6256263876851953e-79 3.2174255302963248e-44
1.8598926606039799e-03 1.4622117024582184e-09 3.1876779487887992e-82 6.7990835403756190e-46
2.0676601688242769e-03 1.4564876526037980e-09 1.2284297718682067e-81 1.2256532437335722e-45
2.2986372624074478e-03 1.4507992508934501e-09 4.2989201942212584e-82 5.8820793936895467e-46
2.5554166703963079e-03 1.4451445696654308e-09 4.3040869498419664e-82 7.6604227055482483e-46
2.8408807540603802e-03 1.4395189190648402e-09 1.8819855092660961e-81 8.2376855131028683e-46
3.1582338615404907e-03 1.4339172642718381e-09 2.8454346621360310e-81 6.9737950401828987e-46
3.5110382968115816e-03 1.4283358689658684e-09 5.6365384852595348e-82 1.7475211422378444e-46
3.9032543067170603e-03 1.4227552229492134e-09 4.4756130990184773e-81 -1.7611739231350808e-45
4.3392845349310817e-03 1.4171711649242020e-09 3.0810209863786606e-81 -2.0394272448117814e-45
4.8240234418466714e-03 1.4115967577401788e-09 2.9039097879327565e-80 4.5259441381744251e-45
5.3629122451302469e-03 1.4060302996077709e-09 5.7881307154291786e-78 1.5621512055739366e-44
5.9619999976530088e-03 1.4004715569498788e-09 6.4336051515210466e-81 -3.0014555939854705e-45
6.6280114884019019e-03 1.3949211515521249e-09 8.7098434089370104e-81 -8.5091052373890353e-46
7.3684227285610903e-03 1.3893797594003484e-09 1.0930073873518078e-81 -1.2320312529544405e-45
8.1915448700989723e-03 1.3838481534296144e-09 8.7224214615773986e-81 -1.4840660755500881e-45
9.1066174988508573e-03 1.3783263149521846e-09 4.3260171086533039e-77 -1.6574126391404837e-43
1.0123912349316663e-02 1.3728167287080892e-09 1.6325009872498458e-80 4.2013979513307364e-45
1.1254848605377350e-02 1.3673196376929416e-09 6.3738581116602687e-77 -3.7872131372532298e-45
1.2512121081186019e-02 1.3618358378185552e-09 5.1721127140076434e-80 8.3533146687075154e-45
1.3909842721070572e-02 1.3563655442766174e-09 6.5176945221134209e-80 8.5796328753404886e-45
1.5463703018016185e-02 1.3509081512387401e-09 2.6827757289371023e-80 3.7129581465562918e-45
1.7191144128982538e-02 1.3454650236320997e-09 1.6238269356954189e-79 8.0704779178797964e-45
1.9111556663959046e-02 1.3400356424824315e-09 2.2618762417643069e-79 9.1032855912728727e-45
2.1246497346499468e-02 1.3346204736107388e-09 3.0491847234833388e-79 2.7607328016042481e-45
2.3619930988986015e-02 1.3292087112705718e-09 3.1996037616196893e-79 -7.0917339802105350e-45
2.6258499498807090e-02 1.3237875184732442e-09 8.7458911683191748e-79 -1.3648837677540322e-44
2.9191820935055676e-02 1.3183849987564856e-09 1.0702864282811822e-78 -1.4365422636320248e-44
3.2452821972674684e-02 1.3129930127207058e-09 7.1237680419072659e-79 -2.2432716964461199e-44
3.6078107505975253e-02 1.3076135648101565e-09 5.0704835901666237e-78 7.3432801078518984e-44
4.0108371540344995e-02 1.3022462608391452e-09 1.5121568725478667e-78 -3.2382992850630644e-44
4.4588853984426059e-02 1.2968907059808400e-09 3.6574739475333243e-78 -6.2684905438540382e-44
4.9569848470276894e-02 1.2915473232901401e-09 3.5020267084439313e-78 4.3343039242529455e-45
5.5107266901823652e-02 1.2862176190943891e-09 4.8516303507824342e-78 -2.4478387383310691e-44
6.1263267068685241e-02 1.2808997759442311e-09 1.2217303969059823e-77 -1.1112744442518818e-44
6.8106950370366667e-02 1.2755942393974506e-09 5.4718515099522359e-78 7.8160231654182468e-44
7.5715137482809586e-02 1.2703004015690884e-09 9.0625672362916148e-78 1.0075004185093595e-43
8.4173230674194105e-02 1.2650196929557301e-09 1.9793788974528425e-77 1.4880386165936299e-43
9.3576172449527734e-02 1.2597516320995632e-09 4.7239764653946950e-77 2.4099737361986235e-43
1.0402951128485470e-01 1.2544965835322904e-09 1.0982626196779493e-77 8.0604111291975251e-44
1.1565058641400254e-01 1.2492533461766540e-09 4.3081878616929136e-77 1.5091338433023102e-43
1.2856984496715487e-01 1.2440232735232638e-09 6.3393254773110017e-77 1.9841226027562831e-43
1.4293230624619502e-01 1.2387997072249460e-09 1.1712383284757792e-76 1.5967258326699574e-43
1.5889918957338051e-01 1.2335698219536039e-09 7.9036801469376857e-77 -1.8000923161159947e-43
1.7664972398603018e-01 1.2283489826556137e-09 6.2936039722397712e-77 -1.6096361446146921e-43
1.9638316009113430e-01 1.2231436888153616e-09 7.4285418325268893e-77 -2.2399408412830381e-43
2.1832100666305021e-01 1.2179516265367413e-09 5.2569446641632166e-76 -7.2593355111465012e-43
2.4270951709020500e-01 1.2127707490001313e-09 4.3498058468638156e-76 -7.2182573333780879e-43
2.6982245358128604e-01 1.2076023777354619e-09 1.5225111313146634e-73 1.3519461685512495e-41
2.9996416015926941e-01 1.2024447497570617e-09 5.1502939366422036e-76 -1.3080324420832227e-43
3.3347297893779332e-01 1.1973034485623548e-09 1.0134258928825572e-75 -9.2785213932882891e-44
3.7072504802774037e-01 1.1921713292588091e-09 1.3718327985374668e-75 -1.4240276738924590e-43
4.1213852370571835e-01 1.1870528681508354e-09 9.8876010223569881e-76 1.5447914508437557e-43
4.5817827423848395e-01 1.1819468420101122e-09 1.8903834068223001e-75 9.8440066799351073e-43
5.0936109805170993e-01 1.1768530165592466e-09 2.6736046017902619e-75 1.3214033685855445e-42
5.6626152481730163e-01 1.1717708206491599e-09 5.7765172736705546e-75 2.5653316344937471e-42
6.2951826457674065e-01 1.1667018184552613e-09 2.6533217872407453e-74 9.2037638039460104e-43
6.9984137729218154e-01 1.1616454483878475e-09 9.2533668793215881e-75 3.2764092515531217e-42
7.7802024330385544e-01 1.1566016606745284e-09 1.0328987747799805e-74 2.5796407196910624e-42
8.6493242416256055e-01 1.1515703495046827e-09 2.4458601292615766e-74 1.4548032583730812e-42
9.6155351330048899e-01 1.1465259828744707e-09 1.2860794404298513e-74 -1.0590991955392896e-42
1.0689680871146781e+00 1.1414943494952177e-09 3.0544855814000137e-74 -8.2695175563794501e-43
1.1883818793895025e+00 1.1364756478059409e-09 2.5715100878585359e-74 -2.6501192888517334e-42
1.3211353157166987e+00 1.1314696497539079e-09 1.6919865372839956e-74 -2.9967255355271268e-42
1.4687185598374410e+00 1.1264761658352845e-09 1.3966412625498083e-71 9.9700572705742371e-41
1.6327882408023808e+00 1.1214943790304907e-09 5.5995586447326513e-75 -2.4990124147183082e-42
1.8151860487128375e+00 1.1165253035320354e-09 2.5740409683988624e-73 -1.5334796229969721e-41
2.0179594077812228e+00 1.1115684139334683e-09 2.1285347556612969e-73 -1.4748505374626905e-41
2.2433844587668310e+00 1.1066245470748537e-09 1.8532907441131926e-73 -6.5328104508125847e-42
2.4939916087658864e+00 1.1016928875013804e-09 2.3662176129867901e-73 -3.7575744110939636e-42
2.7725939351535542e+00 1.0967726216666637e-09 3.7954035910161284e-73 7.7669485727238796e-42
3.0823187625134802e+00 1.0918650351194099e-09 5.3329539915987415e-73 1.2414567495564684e-41
3.4266427670074440e+00 1.0869700835225682e-09 1.2406165669042807e-72 2.5234049589858365e-41
3.8094310022333651e+00 1.0820858386880779e-09 9.8269336636317365e-73 3.0193011571466193e-41
4.2349802846387998e+00 1.0772165438862554e-09 1.5944970251495743e-72 4.1199071048527032e-41
4.7080674254933434e+00 1.0723591281668731e-09 2.1145405579425325e-72 4.7618212110889996e-41
5.2340028508260321e+00 1.0675132784227342e-09 6.3181095061079282e-72 8.0110644633217114e-41
5.8186902112143013e+00 1.0626600450786854e-09 3.6782142085902753e-72 3.8285413591731731e-41
6.4686926505471387e+00 1.0578167635743635e-09 4.1686111492095849e-72 1.0204279546543788e-41
7.1913064776325593e+00 1.0529853055413322e-09 8.8029517254092416e-72 -2.8793290873994331e-41
7.9946430676167353e+00 1.0481661293261336e-09 1.0739225702121649e-71 -2.0444005238979718e-41
8.8877199125621846e+00 1.0433592283388384e-09 1.9526590240559325e-71 -5.6120679596004267e-41
9.8805618432321527e+00 1.0385651712133880e-09 2.4153450662873384e-71 -9.6251086988490787e-41
1.0984313558300594e+01 1.0337833455980775e-09 1.7490994143410062e-71 -1.2935518930214077e-40
1.2211364724133691e+01 1.0290124513393776e-09 1.5665131109993500e-71 -1.2600530686934322e-40
1.3575489049393724e+01 1.0242556443790410e-09 7.5131209839290955e-71 -2.7293073347308368e-40
1.5091998895584805e+01 1.0195105309450071e-09 7.1439391547665148e-71 -2.0602003995511113e-40
1.6777917159051078e+01 1.0147756815887206e-09 1.1242740472698993e-70 2.2779174644607478e-42
1.8652168353811209e+01 1.0100567903648447e-09 8.9278471010621308e-71 1.8452244423280699e-41
2.0735791040143205e+01 1.0053481878785055e-09 2.7731855467767836e-70 9.5225528682610102e-41
2.3052173983440685e+01 1.0006514898591161e-09 3.3873025889559252e-70 2.5668752526839797e-40
2.5627318694235388e+01 9.9596549503752724e-10 1.9824819464848323e-70 -1.2046566167420830e-40
2.8490131296409775e+01 9.9129612416171726e-10 4.1992217162880759e-70 5.1697652825095165e-40
3.1672746999835326e+01 9.8663718044077877e-10 6.3443916618750304e-70 7.9117283061214913e-40
3.5210890819657003e+01 9.8197319985976730e-10 4.3950037596626154e-70 5.4776253996631184e-40
3.9144278591315491e+01 9.7731695229400299e-10 1.1026729379815661e-69 7.5559711559392524e-40
4.3517062782720203e+01 9.7267294068431202e-10 1.8397704469061449e-69 8.5791264399639672e-40
4.8378328107836275e+01 9.6804140030146797e-10 2.2047399044715308e-69 -1.5227995109199083e-40
5.3782642504971967e+01 9.6342207406185994e-10 4.0162985492208091e-69 -2.9225964533836164e-40
5.9790669664524330e+01 9.5881460191188110e-10 3.5775609689747019e-69 -1.0585856777886787e-39
6.6469849981837385e+01 9.5421949128714995e-10 7.4815165917455923e-69 -1.2212867988713229e-39
7.3895157578899770e+01 9.4963669508323577e-10 1.0043452378731420e-68 -2.2228580037623757e-39
8.2149941892489394e+01 9.4506625870859447e-10 1.0886798764023724e-68 -3.1977222479983308e-39
9.1326863275630956e+01 9.4050744303512364e-10 1.2402344990751430e-68 -3.0734037572988564e-39
1.0152893311453862e+02 9.3596110626385753e-10 2.1550288577814349e-68 -3.1238262791111566e-39
1.1287067013640669e+02 9.3142686280464379e-10 3.5518903336343317e-68 -3.6734118958808778e-39
1.2547938588765892e+02 9.2690474674351663e-10 2.6730316778063805e-68 -1.1541950329878657e-39
1.3949661381221338e+02 9.2239527374205359e-10 8.8143624426043195e-68 -1.2661520839906265e-39
1.5507969797123187e+02 9.1789756374057483e-10 7.0875257015219404e-68 4.9159913038407707e-39
1.7240355923781476e+02 9.1341200894277820e-10 1.0872303986693623e-67 7.0866961711793789e-39
1.9166265879225841e+02 9.0893897950164526e-10 2.3433872192147240e-67 9.5917880954603023e-39
2.1307318095820585e+02 9.0446478127281485e-10 2.1632776831326401e-67 1.3217199904654171e-38
2.3687545988213191e+02 8.9999643336653153e-10 2.9955142576999659e-67 1.6288899447056092e-38
2.6333667729575694e+02 8.9553954299796032e-10 4.0063394334314302e-67 1.4590167162198471e-38
2.9275386164390341e+02 8.9109486903105144e-10 6.8446949832647214e-67 2.2272322436036978e-38
3.2545722224314892e+02 8.8666264245901822e-10 6.8019840110708091e-67 8.1335947626711951e-39
3.6181385589737272e+02 8.8224251514772710e-10 9.5467155402166417e-67 3.1009908356769127e-39
4.0223186757712364e+02 8.7783452762085141e-10 1.0474379134688931e-66 -1.5285692590256557e-38
4.4716495141764847e+02 8.7343871041274842e-10 1.9171512846290795e-66 -2.9646023981704846e-38
4.9711748345749459e+02 8.6905483567323469e-10 2.2464798313112228e-66 -4.0168558704224888e-38
5.5265018328392853e+02 8.6468298435816111e-10 3.0745138229493289e-66 -4.9545959171124328e-38
6.1438640813741267e+02 8.6032289185991978e-10 3.2228706929201348e-66 -5.1096994078526648e-38
6.8301915012676659e+02 8.5597607413676524e-10 6.4158696923254125e-66 -7.2416509181973496e-38
7.5931881509909886e+02 8.5164052542242070e-10 7.6960786995311816e-66 -4.7279056392356853e-38
8.4414187048268036e+02 8.4731562730828811e-10 1.0536763917717614e-65 -3.3917268731695367e-38
9.3844045917524102e+02 8.4300566251575513e-10 1.5639909788041257e-65 -9.5970411646009886e-39
1.0432730873940300e+03 8.3870688817570557e-10 2.3570042319322955e-65 5.6229187724923146e-38
1.1598165064592806e+03 8.3442038579480338e-10 2.3183021031259800e-65 5.0173643330740803e-38
1.2893789218846748e+03 8.3013518468605636e-10 4.9638752682859048e-65 1.4226833933978136e-37
1.4334146780474832e+03 8.2585350439470934e-10 4.7391503645444196e-65 1.9100559884297608e-37
1.5935405832745148e+03 8.2158409312767556e-10 6.7805901033932312e-65 2.2406803524885511e-37
1.7715540585937526e+03 8.1732701042086808e-10 1.2721549445358104e-64 3.0795662883283225e-37
1.9694533138723075e+03 8.1308177984174207e-10 1.3179426567535937e-64 2.7145874516381312e-37
2.1894597778187676e+03 8.0884859121711260e-10 1.5604967798711223e-64 1.5887002083642178e-37
2.4340430336278678e+03 8.0462758149986706e-10 5.0778966762179789e-65 6.5793114549451217e-38
2.7059485401712445e+03 8.0041873901140004e-10 4.5535675144445735e-64 4.1528958545507249e-38
3.0082284499060133e+03 7.9622058474160986e-10 4.5513428282677545e-64 -2.9991668202792296e-37
3.3442758694336608e+03 7.9203696699499525e-10 8.1108756190702842e-64 -5.9586210052352300e-37
3.7178629472856946e+03 7.8786374501670413e-10 8.7500147141867982e-64 -7.3522230579164715e-37
4.1331832164733114e+03 7.8370289560687787e-10 1.4040759583467575e-63 -1.0122312809888630e-36
4.5948986670981585e+03 7.7955422945667116e-10 1.9475863996051785e-63 -1.1501614112060085e-36
5.1081920774166492e+03 7.7541742699576762e-10 2.4404129452649733e-63 -1.0317183529923594e-36
5.6788251907764643e+03 7.7129243932652986e-10 2.9800200765765022e-63 -9.5534033213451684e-37
6.3132033914641997e+03 7.6717978632744115e-10 4.3140997351044424e-63 -4.8915674195063489e-37
7.0184476054536735e+03 7.6307927047121219e-10 6.4239090223929275e-63 3.7373665628471200e-37
7.8024742331442649e+03 7.5898330223221742e-10 1.0594627695635826e-62 8.9219771339564599e-37
8.6740840113381419e+03 7.5488890548752903e-10 1.2271617538306042e-62 1.9896176430138805e-36
9.6430608019363699e+03 7.5080678862176230e-10 1.5001160109624972e-62 3.0829188575712705e-36
1.0720281416261778e+04 7.4673634451817608e-10 2.3267222985093992e-62 3.9122967631768409e-36
1.1917837707791939e+04 7.4267877518120920e-10 3.0010866678766408e-62 4.6121854004634575e-36
1.3249172303799016e+04 7.3863305348730485e-10 4.5025463029511044e-62 4.7481989676488099e-36
1.4729229499491033e+04 7.3459905930475136e-10 7.3604706562130493e-62 5.0360631664631900e-36
1.6374623008447812e+04 7.3057693807908571e-10 8.5321613541649234e-62 2.5670800607765378e-36
1.8203822452359345e+04 7.2656688336457892e-10 1.0527686192606498e-61 2.0105625349222337e-37
2.0237360683422197e+04 7.2256738769410167e-10 1.4227470044847619e-61 -3.7115879520023431e-36
2.2498064266598129e+04 7.1858281301666020e-10 2.1944699573961660e-61 -8.0044151332599483e-36
2.5011309708909434e+04 7.1460845717901906e-10 2.8731454361255876e-61 -1.2358145296296671e-35
2.7805308311957157e+04 7.1064611876972053e-10 4.4125519122977747e-61 -1.6262026840053255e-35
3.0911422845145549e+04 7.0669577016599729e-10 5.0576160021013765e-61 -1.8795736267628294e-35
3.4364519594284960e+04 7.0275753974649226e-10 8.7003574568567629e-61 -2.3483242277699898e-35
3.8203359737335777e+04 6.9883141587441568e-10 1.2392165762496735e-60 -2.3975667460947278e-35
4.2471034440505093e+04 6.9491701122452544e-10 1.3456478182560176e-60 -1.5222946667899324e-35
4.7215448558670723e+04 6.9100891908082896e-10 2.1269900189775136e-60 -1.3680640686196920e-35
5.2489858369693357e+04 6.8710205264772508e-10 2.6885213222979455e-60 8.7976613603230813e-36
5.8353469378710397e+04 6.8320737170113760e-10 3.7713095597216761e-60 2.4984806885887682e-35
6.4872100902793580e+04 6.7932458503817949e-10 4.7171823549999122e-60 4.4615322741605502e-35
7.2118924895965407e+04 6.7545362535840743e-10 7.1971518881863692e-60 6.2786497120777108e-35
8.0175287307920386e+04 6.7159488963627806e-10 9.5855358169003120e-60 8.0208138774765791e-35
8.9131621196244669e+04 6.6774808435204455e-10 1.3680849872856917e-59 8.9659440305047004e-35
9.9088461841857745e+04 6.6391315199501003e-10 1.8269454694578296e-59 8.3026320286619510e-35
1.1015757526240280e+05 6.6008957654753572e-10 2.2151312498884666e-59 7.2535146600156711e-35
1.2246321279119808e+05 6.5627876853751018e-10 3.9025458329188111e-59 4.8362971518515847e-35
1.3614350580446079e+05 6.5247947554224889e-10 3.9958433362948649e-59 5.7589479303156674e-38
1.5135201625268348e+05 6.4869196095420609e-10 6.1199303623294882e-59 -8.6164179310869124e-35
1.6825946040095287e+05 6.4491585887570598e-10 9.6094534451243764e-59 -1.7646300398208163e-34
1.8705562512727917e+05 6.4115249117623690e-10 1.2695325357330941e-58 -2.6063955974299991e-34
2.0795149828947772e+05 6.3740067213727235e-10 1.5891861376522102e-58 -3.1735169045022678e-34
2.3118163707407381e+05 6.3366078347470329e-10 2.5553819527368496e-58 -3.9882512143138578e-34
2.5700680091206188e+05 6.2993312645512265e-10 2.9159849061160716e-58 -3.5723907669610614e-34
2.8571687851612573e+05 6.2621258410099322e-10 4.3981782801144685e-58 -3.8390765268118600e-34
3.1763414189545391e+05 6.2249293689498014e-10 6.5868877351440375e-58 -1.7049343989044368e-34
3.5311686387462443e+05 6.1878559120318020e-10 7.4807936483809953e-58 7.7097747594130981e-36
3.9256333972338046e+05 6.1509017618744470e-10 1.0052044532376790e-57 2.8974711140733584e-34
4.3641635804029682e+05 6.1140668674020611e-10 1.6493049674075381e-57 6.0320635806009621e-34
4.8516817107619770e+05 6.0773481400873940e-10 2.4007783552173745e-57 9.4973931122211992e-34
5.3936602028947754e+05 6.0407502757138556e-10 3.4011702470028121e-57 1.3939779673707176e-33
5.9961827915792842e+05 6.0042702899938574e-10 3.9843570032407870e-57 1.5194580293004967e-33
6.6660128220044204e+05 5.9679086810684301e-10 6.1858307480765128e-57 1.6676725170444070e-33
7.4106691686468397e+05 5.9316650116097948e-10 8.2979935081142438e-57 1.4615026207249594e-33
8.2385106350004580e+05 5.8955384430374953e-10 1.0377887047830523e-56 1.0918956187254521e-33
9.1588297815498116e+05 5.8595318419164442e-10 1.3061992746116184e-56 1.8792496463891819e-34
1.0181957235210768e+06 5.8236419178147344e-10 1.9835852419653546e-56 -9.2922530710032255e-34
1.1319377651117127e+06 5.7878720849086895e-10 2.5141434326565825e-56 -1.9906456662807214e-33
1.2583858628429766e+06 5.7522193611992515e-10 4.0189586131163416e-56 -3.9575220763216938e-33
1.3989594027254502e+06 5.7166843002980020e-10 5.1342472916583779e-56 -5.1402230566806113e-33
1.5552363295408040e+06 5.6812688540288634e-10 7.5694942950866726e-56 -6.5419894243561471e-33
1.7289708593482615e+06 5.6459361858413915e-10 9.1885625469426380e-56 -6.7069402786547148e-33
1.9221131706446777e+06 5.6106112388184183e-10 1.2863212417945604e-55 -6.4350807106815926e-33
2.1368312952124542e+06 5.5754147590805683e-10 1.6693096774515617e-55 -5.0922652864213936e-33
2.3755354543811083e+06 5.5403321279776019e-10 2.6050942167984337e-55 -2.1764167187689779e-33
2.6409051138782618e+06 5.5053675043484558e-10 3.3386569929586795e-55 1.7963201411084933e-33
2.9359190609619305e+06 5.4705246155727368e-10 5.1665558259027241e-55 8.4635930114887257e-33
3.2638888414515462e+06 5.4357972440802418e-10 6.6178868723845807e-55 1.3093502717213557e-32
3.6284959319898807e+06 5.4011860610127247e-10 9.0190832783233844e-55 2.0487567427947553e-32
4.0338330647963546e+06 5.3666933914214094e-10 1.2593110023732821e-54 2.5957056688907560e-32
4.4844501687840754e+06 5.3323181993804507e-10 1.5618655127910147e-54 2.8083400137639811e-32
4.9854054427318685e+06 5.2980625336867309e-10 2.3962941722729340e-54 2.8747695600049280e-32
5.5423221338101272e+06 5.2639213770872325e-10 3.1358514532701908e-54 2.3631351468326981e-32
6.1614516588021703e+06 5.2298982123985481e-10 4.1074783766681396e-54 1.2942130842937936e-32
6.8497437765598837e+06 5.1959942363091307e-10 6.3553291126766499e-54 -4.4185379560944980e-33
7.6149245993828420e+06 5.1622081236958872e-10 7.3645190084682220e-54 -2.3458751452967490e-32
8.4655833190024104e+06 5.1285401108259322e-10 1.1332077177472867e-53 -5.0949260983468447e-32
9.4112686206742115e+06 5.0949877100918956e-10 1.4062440673971744e-53 -7.4056227068720478e-32
1.0462595867631771e+07 5.0615222683020953e-10 2.1982796830240017e-53 -1.0420183788710017e-31
1.1631366259052007e+07 5.0280762183562110e-10 2.8315415108067300e-53 -1.1750101199343102e-31
1.2930699299086748e+07 4.9947475430506532e-10 3.6480785862911201e-53 -1.1929776708851305e-31
1.4375180063930864e+07 4.9615398921464730e-10 5.9640349489084508e-53 -1.1072991893657385e-31
1.5981022920007896e+07 4.9284475843291102e-10 7.3745659739529872e-53 -7.1888154673795010e-32
1.7766253531017054e+07 4.8954745909103561e-10 9.9195487522377995e-53 -9.7667473262006964e-33
1.9750911196879756e+07 4.8626180133009711e-10 1.4632289398828220e-52 7.7748564140025757e-32
2.1957273795850102e+07 4.8298798951739682e-10 1.7775742946059192e-52 1.7382008627343921e-31
2.4410107854775380e+07 4.7972550549526404e-10 2.6964529039267987e-52 2.6146518984327612e-31
2.7136946554557350e+07 4.7647495974821892e-10 3.8496657154829003e-52 4.1433045010184457e-31
3.0168398791439027e+07 4.7323608110826374e-10 4.8707507216127480e-52 4.7868349445632106e-31
3.3538492763344929e+07 4.7000885921224778e-10 6.2904833773047339e-52 4.9946642050061999e-31
3.7285057938047960e+07 4.6679337435189007e-10 9.1094592788575531e-52 4.7301187697410082e-31
4.1450149690774165e+07 4.6358941236971949e-10 1.2035288803288918e-51 3.5049681014423660e-31
4.6080521377822921e+07 4.6039755490125087e-10 1.5988615699290187e-51 1.4012692430042366e-31
5.1228149145251893e+07 4.5721715404648279e-10 2.5266275766143681e-51 -1.8487711621118450e-31
5.6950815363629438e+07 4.5404861500908790e-10 3.5254815745581084e-51 -6.5234126375136091e-31
6.3312757237937927e+07 4.5088838149698784e-10 4.7433480812473427e-51 -8.8539716695645609e-31
7.0385387873305172e+07 4.4773122165487089e-10 5.8543821903029660e-51 -1.5064428587260541e-30
7.8248097890563264e+07 4.4458585993997629e-10 8.0042605992582972e-51 -1.8853624219620390e-30
8.6989146589804202e+07 4.4145232167139464e-10 1.2454803335111461e-50 -2.2237061586805244e-30
9.6706652665291697e+07 4.3833023900265899e-10 1.5000562320961026e-50 -2.0382024559262022e-30
1.0750969559254782e+08 4.3522001374826887e-10 2.3678212803502201e-50 -1.7474033818171838e-30
1.1951954005073960e+08 4.3212143443562236e-10 2.8558364560343542e-50 -8.8372756443991927e-31
1.3287099712456565e+08 4.2903448723343184e-10 3.9502476933476166e-50 3.5850657006568836e-31
1.4771393756519967e+08 4.2595920277980497e-10 5.4722898248133488e-50 2.0138007236699168e-30
1.6421497409671852e+08 4.2289564349603794e-10 7.3744489111733604e-50 3.9040661322707796e-30
1.8255933165198529e+08 4.1984340804380373e-10 1.0950008681782492e-49 6.0673103073053940e-30
2.0295292653147605e+08 4.1680313799362899e-10 1.5415280998223834e-49 7.9510493647127174e-30
2.2562467782370842e+08 4.1377441942042877e-10 1.9300734004367106e-49 8.7556228867579290e-30
2.5082907703307796e+08 4.1075736955220681e-10 2.6365799416596227e-49 8.9029125922073566e-30
2.7884904475929934e+08 4.0775185639112475e-10 3.5108292700960265e-49 7.5525465403930344e-30
3.0999910649481672e+08 4.0475804730842677e-10 5.6838428321983236e-49 4.8074398664678102e-30
3.4462892318866193e+08 4.0177609627899686e-10 6.8872980743310930e-49 1.5007768934337576e-31
3.8312721620751834e+08 3.9880215095283139e-10 1.0135482531552617e-48 -6.7044110289957665e-30
4.2592613075184762e+08 3.9583220266859286e-10 1.3056635166935569e-48 -1.4117860463996665e-29
4.7350608670666409e+08 3.9287424064972021e-10 1.9817374578211374e-48 -2.3882880550506795e-29
5.2640117137796974e+08 3.8992795579597027e-10 2.6803174461496948e-48 -3.1404074714001375e-29
5.8520513464858663e+08 3.8699323216057729e-10 3.3603217786514707e-48 -3.5817501402024047e-29
6.5057805384929800e+08 3.8407023177074868e-10 4.7926290973353668e-48 -3.8379518387840010e-29
7.2325374315880048e+08 3.8115863541968810e-10 6.3292058818214460e-48 -3.4372886858052970e-29
8.0404799070333815e+08 3.7825887171208740e-10 8.7559996749441406e-48 -2.4458431722480420e-29
8.9386771581786156e+08 3.7537059314261829e-10 1.1685384812991739e-47 -6.8271112698708413e-30
9.9372114925941086e+08 3.7249386085526071e-10 1.5172356084223492e-47 1.6619555601238774e-29
1.1047291506461096e+09 3.6962871266978854e-10 2.2815438732518650e-47 5.0103416674398830e-29
1.2281377901605701e+09 3.6677517474126696e-10 3.1135357461135091e-47 8.4135191069971713e-29
1.3653323357479379e+09 3.6393314863300093e-10 4.2924940003219150e-47 1.1863187423478124e-28
1.5178528028155522e+09 3.6110295623897558e-10 5.9213261544100812e-47 1.4619630149398153e-28
1.6874112409803498e+09 3.5828409679295991e-10 8.1233670702550699e-47 1.6024056638942780e-28
1.8759109519085903e+09 3.5547697204003454e-10 1.1133227553669253e-46 1.5211277663353162e-28
2.0854678539690721e+09 3.5268141832742548e-10 1.5034671581888692e-46 1.1747021877616883e-28
2.3184342335191569e+09 3.4989339273934237e-10 2.0915376280907914e-46 5.2466078619928357e-29
2.5774251494328122e+09 3.4711108467607646e-10 2.8618476640704605e-46 -4.5993377851296954e-29
2.8653477872629342e+09 3.4434034197391649e-10 3.8955693858726612e-46 -1.7074792099752456e-28
3.1854340925397320e+09 3.4158129122244125e-10 5.4289902517201609e-46 -3.1681710091565845e-28
3.5412770495155611e+09 3.3883391701790351e-10 7.3169395341258588e-46 -4.5686439457904420e-28
3.9368710125868721e+09 3.3609798271522905e-10 1.0338758162852688e-45 -5.8779828823173376e-28
4.3766565431154299e+09 3.3337366337730609e-10 1.4299321367734380e-45 -6.6428001263581164e-28
4.8655702549442930e+09 3.3066078858191043e-10 1.9190729610671037e-45 -6.5223283584807336e-28
5.4091002281268797e+09 3.2795957779155129e-10 2.6152691278681431e-45 -5.3292049689552397e-28
6.0133476128909054e+09 3.2526982362197299e-10 3.6350120699820436e-45 -3.1168596151540250e-28
6.6850951153446722e+09 3.2259169406874577e-10 4.9418930016980330e-45 7.4679730532346770e-29
7.4318831336810608e+09 3.1992503338449870e-10 6.8840271390481561e-45 5.8696948592321083e-28
8.2620943995118189e+09 3.1726989798456829e-10 9.3522086543624422e-45 1.1580322304626750e-27
9.1850480744351845e+09 3.1462629976481444e-10 1.3201245589377927e-44 1.7997932037839574e-27
1.0211104358075361e+10 3.1199432240949238e-10 1.7845460250832717e-44 2.3309284789657205e-27
1.1351780781824345e+10 3.0937382109314968e-10 2.4411843870518394e-44 2.7063257952014642e-27
1.2619881493688433e+10 3.0676492888244717e-10 3.3559060567820678e-44 2.7762754988101741e-27
1.4029640985468790e+10 3.0416240388125458e-10 4.5684182235118626e-44 2.4213215181677958e-27
1.5596883875620106e+10 3.0156756284307649e-10 6.0621678818559299e-44 1.4724469770617757e-27
1.7339202541357834e+10 2.9898427638459494e-10 8.6556389212254071e-44 1.6196369061156500e-28
1.9276154593942997e+10 2.9641253230102855e-10 1.1832103505985460e-43 -1.8944830941445496e-27
2.1429482413814171e+10 2.9385233865619433e-10 1.6278745468456632e-43 -4.1345371827508427e-27
2.3823357209859116e+10 2.9130363468552007e-10 2.2372526083469081e-43 -6.7642831501050066e-27
2.6484650342403175e+10 2.8876652386966737e-10 3.3019482451630852e-43 -9.4958678313429813e-27
2.9443234955528114e+10 2.8624078153825272e-10 4.1805117767687266e-43 -1.0881083853241964e-26
3.2732321304558754e+10 2.8372659358690192e-10 5.8875272754516048e-43 -1.1654174077503146e-26
3.6388829542784637e+10 2.8122390203867429e-10 8.1838890398981892e-43 -1.0677137920716195e-26
4.0453804151965752e+10 2.7873272842834116e-10 1.1119121441025698e-42 -7.5406919159765114e-27
4.4972874668624710e+10 2.7625295992300769e-10 1.5043887232122654e-42 -2.1365807170526722e-27
4.9996767877800308e+10 2.7378461454421836e-10 2.0508448876879042e-42 5.5892047844718140e-27
5.5581877223662155e+10 2.7132801950953866e-10 2.8889360371675735e-42 1.5110598445801635e-26
6.1790895828647766e+10 2.6888263681748446e-10 4.0112296830491976e-42 2.6159345082172252e-26
6.8693520226793968e+10 2.6644887077226820e-10 5.4592070750742149e-42 3.6306307272285180e-26
7.6367232710699768e+10 2.6402642244410695e-10 7.4307768227487550e-42 4.4275876720440322e-26
8.4898171074007858e+10 2.6160955413406512e-10 1.0324386257908874e-41 4.8500310859217708e-26
9.4382095512302597e+10 2.5920216287583009e-10 1.3715850442555303e-41 4.5102824412450273e-26
1.0492546353593532e+11 2.5680632217363198e-10 2.0064280427697773e-41 3.5159408778430053e-26
1.1664662496072505e+11 2.5442190918230567e-10 2.6661095307076035e-41 1.4430867119904419e-26
1.2967715039036310e+11 2.5204906558601351e-10 3.6588925187634158e-41 -1.5044094008569681e-26
1.4416330810280072e+11 2.4968768337358225e-10 4.9885691614003258e-41 -5.3168862787542644e-26
1.6026770591874084e+11 2.4733752098610854e-10 7.0072274559423449e-41 -9.8661231955012455e-26
1.7817111648228748e+11 2.4499905840001621e-10 9.4341035895595101e-41 -1.4083551083838349e-25
1.9807450644261557e+11 2.4267190913526961e-10 1.2880244897474481e-40 -1.7659968990543211e-25
2.2020129231432455e+11 2.4035647290278199e-10 1.7406154077192097e-40 -1.9604728238229244e-25
2.4479984833861652e+11 2.3805202140244562e-10 2.4698962135419738e-40 -1.9477368640578681e-25
2.7214629449616211e+11 2.3575933254746258e-10 3.3381141163522190e-40 -1.5713988696115674e-25
3.0254759596723230e+11 2.3347780196881138e-10 4.5358657442607676e-40 -8.0631920048858439e-26
3.3634500883069293e+11 2.3120804654785016e-10 6.4556568091608524e-40 3.6422899372845481e-26
3.7391791067998218e+11 2.2894987445653169e-10 8.5743010088769285e-40 1.8261159145521335e-25
4.1568805915494373e+11 2.2670258931760927e-10 1.2128474639004525e-39 3.6705039523562594e-25
4.6212432619172394e+11 2.2446646093429556e-10 1.6627072230270444e-39 5.4874681256167566e-25
5.1374796113292664e+11 2.2223535840887411e-10 2.2955305625288760e-39 7.0959848452411061e-25
5.7113844177667468e+11 2.2001543846362465e-10 3.1362920818993578e-39 8.0912095764656828e-25
6.3493997904293433e+11 2.1780700035029904e-10 4.2356487445096414e-39 8.1004702912850490e-25
7.0586874827220435e+11 2.1560978912754491e-10 5.9060291593679843e-39 6.9130227540458953e-25
7.8472092832837207e+11 2.1342464356427640e-10 7.9085775140180407e-39 4.2057649896714459e-25
8.7238163874494287e+11 2.1125020738666771e-10 1.1149840692686468e-38 -3.5700500291609169e-26
9.6983487523457385e+11 2.0908760556152107e-10 1.5206837596189069e-38 -6.3051564779135269e-25
1.0781745550885731e+12 2.0693626107381105e-10 2.0943419281302356e-38 -1.3519901395931229e-24
1.1986167964513228e+12 2.0479644980909947e-10 2.8902947103868173e-38 -2.1012404427504480e-24
1.3325135693053137e+12 2.0266760465188142e-10 3.9913649171003979e-38 -2.7986468823302658e-24
1.4813678713994910e+12 2.0055045376088076e-10 5.4615354554283718e-38 -3.2656106807044518e-24
1.6468505994717346e+12 1.9844483019294582e-10 7.4536820592870970e-38 -3.3678893715623340e-24
1.8308193051454358e+12 1.9635048582467835e-10 1.0317757154119577e-37 -2.9736048117258292e-24
2.0353390460363816e+12 1.9426733302079346e-10 1.4145647029780186e-37 -1.9388105099755947e-24
2.2627055661242202e+12 1.9219562948471600e-10 1.8891375028097088e-37 -2.0157671280290003e-25
2.5154710655897534e+12 1.9013538474467971e-10 2.6871871645247642e-37 2.1639390556963361e-24
2.7964728493852212e+12 1.8808377095540827e-10 3.6803965535765905e-37 5.0255478253467025e-24
3.1088651761197256e+12 1.8604015321291822e-10 4.9431088168280475e-37 8.0061091317389546e-24
3.4561546647644453e+12 1.8400797490384674e-10 6.8943174632215043e-37 1.0944237611395710e-23
3.8422396566202910e+12 1.8198704490032857e-10 9.4695060947827568e-37 1.3056701116688215e-23
4.2714539743874268e+12 1.7997721708018826e-10 1.3078306682508683e-36 1.3832635040696250e-23
4.7486155695344971e+12 1.7797907204526210e-10 1.7760332450116917e-36 1.2532249162750719e-23
5.2790806040370459e+12 1.7599177926061579e-10 2.4377388677905557e-36 8.7948737024815783e-24
5.8688035735543574e+12 1.7401674575757374e-10 3.2976809040119182e-36 2.3284391991242996e-24
6.5244041469314492e+12 1.7205218271729274e-10 4.6156006795997602e-36 -6.9235533983077406e-24
7.2532414723015381e+12 1.7009999671247326e-10 6.3933598000753668e-36 -1.8419997942620357e-23
8.0634967838800527e+12 1.6815840365234979e-10 8.6812275691024363e-36 -3.0682190238654209e-23
8.9642652367137891e+12 1.6622849018537479e-10 1.1948312598503402e-35 -4.2652141355022077e-23
9.9656580002365547e+12 1.6431034913545859e-10 1.6167069116306359e-35 -5.1484632187271796e-23
1.1078915756634361e+13 1.6240386647096068e-10 2.2567645283476992e-35 -5.6031637118758996e-23
1.2316534878047047e+13 1.6050650168315587e-10 3.0884251825950913e-35 -5.2096339341510237e-23
1.3692407698949039e+13 1.5862171760731104e-10 4.2795438789358602e-35 -3.8642571211726657e-23
1.5221978458276266e+13 1.5674701395532451e-10 5.8496793738100154e-35 -1.3734491141561249e-23
1.6922416661754062e+13 1.5488114078396469e-10 8.0314003595238074e-35 2.2105432641909666e-23
1.8812809810429996e+13 1.5302545567018091e-10 1.1081183977035759e-34 6.7393456318582873e-23
2.0914377658794930e+13 1.5118132356080719e-10 1.5136164582671016e-34 1.1704899068552778e-22
2.3250710407554094e+13 1.4934700470330973e-10 2.1102082328835152e-34 1.6741828044961160e-22
2.5848033504770203e+13 1.4752471760070254e-10 2.8847544181905183e-34 2.0629221314331764e-22
2.8735502027785215e+13 1.4571458324291474e-10 3.8857834572928564e-34 2.2397046746495427e-22
3.1945527950374574e+13 1.4391461093547867e-10 5.4409671860049073e-34 2.1526868987705233e-22
3.5514143968718086e+13 1.4212808653702832e-10 7.2962457331971430e-34 1.6495113697856569e-22
3.9481407970158688e+13 1.4035010658319199e-10 1.0218059461376653e-33 7.1149022850814856e-23
4.3891852684922328e+13 1.3858416562864325e-10 1.3936183749411567e-33 -6.7057102777643961e-23
4.8794985568170352e+13 1.3683234805871844e-10 1.9344736084502019e-33 -2.4630368302876274e-22
5.4245844523574523e+13 1.3508785441852303e-10 2.6136315471368385e-33 -4.4325223044297870e-22
6.0305615706449773e+13 1.3335566944317268e-10 3.6418049297961348e-33 -6.4685491537271607e-22
6.7042320341302477e+13 1.3163461808090644e-10 4.9565761726539328e-33 -8.0717447397123542e-22
7.4531578263368016e+13 1.2992617390864443e-10 6.8788884090414165e-33 -9.0012563309383719e-22
8.2857456754913188e+13 1.2822735950060533e-10 9.3260369225227814e-33 -8.6760239635961332e-22
9.2113414204548797e+13 1.2654214407380137e-10 1.2750517874798294e-32 -6.8741438610420943e-22
1.0240334918215527e+14 1.2486181795612978e-10 1.7787428233406014e-32 -3.2932643579012682e-22
1.1384276670535848e+14 1.2319128963467728e-10 2.4276171481982935e-32 2.0885023149873553e-22
1.2656007478893088e+14 1.2153499723876703e-10 3.3353678836380483e-32 9.0399632444725778e-22
1.4069802583097138e+14 1.1988595027506238e-10 4.6493703684565730e-32 1.7149371568556488e-21
1.5641531901547384e+14 1.1825476766152554e-10 6.3717381466661922e-32 2.5136849563174941e-21
1.7388838171833603e+14 1.1663198516599736e-10 8.7647535244806259e-32 3.1898385356897987e-21
1.9331334991319288e+14 1.1502041867068116e-10 1.1847437027034704e-31 3.5527376382973162e-21
2.1490826980719250e+14 1.1341762835697514e-10 1.6469281698032638e-31 3.5091425948122280e-21
2.3891554542022575e+14 1.1183042304866816e-10 2.2234622123198001e-31 2.8351141665396521e-21
2.6560465958175581e+14 1.1024981948516489e-10 3.0803588375539362e-31 1.4822915859494556e-21
2.9527519888862281e+14 1.0868339172084853e-10 4.2311781518349386e-31 -6.0399629529808530e-22
3.2826021657906144e+14 1.0712758248273445e-10 5.7802044184637041e-31 -3.3149209492037331e-21
3.6492997107142100e+14 1.0558227982680445e-10 8.0346679241917610e-31 -6.5050539158352927e-21
4.0569608213279225e+14 1.0404851619268553e-10 1.0999708810530993e-30 -9.6817442451231997e-21
4.5101615133081694e+14 1.0253027684506405e-10 1.4844275642396221e-30 -1.2281704753429719e-20
5.0139889863338344e+14 1.0101430840795018e-10 2.0664132880662592e-30 -1.3972585400051912e-20
5.5740987281489025e+14 9.9509903126328396e-11 2.8409758559817717e-30 -1.3818995198382023e-20
6.1967779976855062e+14 9.8019785991924230e-11 3.8758927757770732e-30 -1.1288920954905059e-20
6.8890163998497088e+14 9.6534015495099404e-11 5.3493416426312024e-30 -6.0467161156869597e-21
7.6585843441744038e+14 9.5068233617159347e-11 7.3674968098396510e-30 2.0723950901881326e-21
8.5141202680418062e+14 9.3607467719367254e-11 1.0154717557412821e-29 1.2720598301745985e-20
9.4652276035611562e+14 9.2163539373303033e-11 1.3910319912559842e-29 2.4935855886219549e-20
1.0522582576557916e+15 9.0729834069014510e-11 1.9197039606443670e-29 3.7526663988549869e-20
1.1698054047725440e+15 8.9307664023817911e-11 2.6272790600683156e-29 4.8160778953154203e-20
1.3004836741159428e+15 8.7889392289715283e-11 3.6106731959020859e-29 5.4723227410577291e-20
1.4457599355774580e+15 8.6479984215002063e-11 4.9772563218898646e-29 5.4581421070583660e-20
1.6072649222158308e+15 8.5100713007420922e-11 6.7951426889904424e-29 4.5176208266395735e-20
1.7868115353145908e+15 8.3718456050891172e-11 9.3195312831835807e-29 2.5106859919594591e-20
1.9864151942865142e+15 8.2347046996641065e-11 1.2771535071086990e-28 -6.1307761717653881e-21
2.2083164598540868e+15 8.1002270541278452e-11 1.7415488541496558e-28 -4.7118909336120845e-20
2.4550061844518155e+15 7.9651056049548719e-11 2.3818045198395087e-28 -9.4653537524976205e-20
2.7292534721653725e+15 7.8313698528646051e-11 3.2583961401342728e-28 -1.4299803906246946e-19
3.0341367620586865e+15 7.6990928204620072e-11 4.4580498225732490e-28 -1.8414601294072611e-19
3.3730783838014130e+15 7.5675213871823033e-11 6.1176549494000425e-28 -2.0884393028003374e-19
3.7498829734848905e+15 7.4367120907757984e-11 8.4211836760508349e-28 -2.0710507531127116e-19
4.1687801808461135e+15 7.3079575908769289e-11 1.1622998292159957e-27 -1.6977278307340258e-19
4.6344721472907380e+15 7.1799479042431228e-11 1.6075273174456534e-27 -9.0678292784194345e-20
5.1521862876574390e+15 7.0528754389830738e-11 2.2246805403647651e-27 3.1875203643945695e-20
5.7277339682025040e+15 6.9267970953422205e-11 3.0778725127802069e-27 1.9242077193885927e-19
6.3675757394667060e+15 6.8014237026065653e-11 4.2516625145014048e-27 3.7745559449127992e-19
7.0788938562678360e+15 6.6783035841750651e-11 5.8663519723227313e-27 5.6513961414050745e-19
7.8696728988578870e+15 6.5557651493336087e-11 8.0741031684610775e-27 7.2414493281105718e-19
8.7487894002228640e+15 6.4343196292707945e-11 1.1087097797715907e-26 8.1812519175852253e-19
9.7261114855942280e+15 6.3138472375347521e-11 1.5204204878337832e-26 8.0921740702566494e-19
1.0812609642632270e+16 6.1944968752327714e-11 2.0795227861095666e-26 6.6279875673896069e-19
1.2020479865679896e+16 6.0761774479567817e-11 2.8375252009257118e-26 3.5626966007537683e-19
1.3363280556389456e+16 5.9595858291153662e-11 3.8630778821103120e-26 -1.1464354656455408e-19
1.4856084717436062e+16 5.8420147563030414e-11 5.2497028510358634e-26 -7.2618908796211205e-19
1.6515649147702220e+16 5.7285800867947029e-11 7.1360422621774162e-26 -1.4255828433165550e-18
1.8360602538154496e+16 5.6150637639242167e-11 9.7166048483104119e-26 -2.1218681269450123e-18
2.0411654579801176e+16 5.5017629698376477e-11 1.3276329212889344e-25 -2.6955251195345316e-18
2.2691828430974768e+16 5.3906389102035114e-11 1.8243835450846284e-25 -3.0071769543628803e-18
2.5226719153396836e+16 5.2797414516652191e-11 2.5191416446785920e-25 -2.9092252809847352e-18
2.8044781017984580e+16 5.1710554435707072e-11 3.4961627993486371e-25 -2.2754727110907641e-18
3.1177646905416016e+16 5.0627155949966802e-11 4.8705420092917578e-25 -1.0251597854321540e-18
3.4660483386746736e+16 4.9554945977662315e-11 6.7849712452073652e-25 8.4470207442469172e-19
3.8532385469868312e+16 4.8490451399167831e-11 9.4497730427316884e-25 3.2342902983927234e-18
4.2836815442864200e+16 4.7435975965023253e-11 1.3139425661269243e-24 5.9224937673459106e-18
4.7622090740292416e+16 4.6409167289622385e-11 1.8211360612431828e-24 8.5596603525422593e-18
5.2941926308727184e+16 4.5368830748672375e-11 2.5140023195490258e-24 1.0676141893550195e-17
5.8856037559628288e+16 4.4356195463719762e-11 3.4543865607063203e-24 1.1746213367140669e-17
6.5430810677725136e+16 4.3353656952279629e-11 4.7196504553048037e-24 1.1228991480182216e-17
7.2740047809146352e+16 4.2360116384012465e-11 6.4079215039976348e-24 8.6775796941534344e-18
8.0865795494082336e+16 4.1376344172729096e-11 8.6527373023514577e-24 3.8340302123863340e-18
8.9899265643161200e+16 4.0398497697988005e-11 1.1625306393069978e-23 -3.2359410948059402e-18
9.9941859395560528e+16 3.9446515933434671e-11 1.5598984836700647e-23 -1.2084601474812295e-17
1.1110630535169165e+17 3.8490397084461200e-11 2.0978827785733932e-23 -2.1764256408427936e-17
1.2351792495719464e+17 3.7549547550878661e-11 2.8375739726234741e-23 -3.0874956018735483e-17
1.3731603924222290e+17 3.6624746390167057e-11 3.8741284586838587e-23 -3.7637321127682971e-17
1.5265553270673888e+17 3.5702819973493969e-11 5.3459860947176175e-23 -4.0028290972142710e-17
1.6970859190652237e+17 3.4802346844003601e-11 7.4539176697492967e-23 -3.6114401859181360e-17
1.8866663825557440e+17 3.3906419812127092e-11 1.0472220638120578e-22 -2.4346941981317459e-17
2.0974247674075507e+17 3.3034271868847695e-11 1.4791451634839993e-22 -4.0046626231315628e-18
2.3317268466803789e+17 3.2151402272831490e-11 2.0920001849434135e-22 2.4329235519767408e-17
2.5922026725422058e+17 3.1287936756113080e-11 2.9551552864365289e-22 5.8596657064641635e-17
2.8817760987318496e+17 3.0434784517569637e-11 4.1575645892263541e-22 9.4979374710353775e-17
3.2036976009587117e+17 2.9598621248961498e-11 5.8087434770126503e-22 1.2798110140996020e-16
3.5615807636495917e+17 2.8771314058119339e-11 8.0327799170277376e-22 1.5085112944737788e-16
3.9594428426087872e+17 2.7952596076301344e-11 1.0971503386493463e-21 1.5635824108387493e-16
4.4017498589085011e+17 2.7142279408200730e-11 1.4793335517581682e-21 1.3792766629707331e-16
4.8934667301915533e+17 2.6347532408071588e-11 1.9684134059405265e-21 9.0924233847144309e-17
5.4401130021116851e+17 2.5577137053212033e-11 2.5945288409715492e-21 1.4301541551697899e-17
6.0478248055006464e+17 2.4796063610144165e-11 3.4017327150098844e-21 -8.8014924659287906e-17
6.7234237347333555e+17 2.4030939503465331e-11 4.4680964429337220e-21 -2.0629418536350457e-16
7.4744934204543923e+17 2.3287146237077684e-11 5.9265515506195742e-21 -3.2466550143305185e-16
8.3094646561990246e+17 2.2545874454375857e-11 7.9800100492148734e-21 -4.2116358699563189e-16
9.2377100344577818e+17 2.1827135914279187e-11 1.0965569180575047e-20 -4.7112479744808820e-16
1.0269649154480833e+18 2.1103870805640695e-11 1.5370071171272588e-20 -4.4863325751761079e-16
1.1416865582782766e+18 2.0397032644713004e-11 2.1941074713623538e-20 -3.3284138972052610e-16
1.2692236879237391e+18 1.9706364749116596e-11 3.1755174669435237e-20 -1.1165723199355547e-16
1.4110079148309228e+18 1.9025418004674465e-11 4.6300381147533884e-20 2.1169478475131322e-16
1.5686307738019069e+18 1.8351872521984559e-11 6.7422092085291768e-20 6.1518135459559186e-16
1.7438615890494113e+18 1.7691910617625755e-11 9.7344109611656904e-20 1.0557862762824540e-15
1.9386673349467254e+18 1.7047812964975638e-11 1.3832954264887478e-19 1.4696497882325948e-15
2.1552347154100401e+18 1.6406332946081425e-11 1.9256870528020416e-19 1.7758354470917701e-15
2.3959947097557504e+18 1.5785930628353277e-11 2.6199551339460594e-19 1.8892256076215817e-15
2.6636498605606830e+18 1.5171425663460993e-11 3.4828017294291552e-19 1.7297182362231408e-15
2.9612046098333076e+18 1.4569671065870475e-11 4.5364550308953904e-19 1.2445736010185214e-15
3.2919990240204979e+18 1.3976693530388644e-11 5.8038752041968740e-19 4.2051563908734076e-16
3.6597462864147958e+18 1.3391598111884429e-11 7.3421636365382122e-19 -6.9159796158023405e-16
4.0685743778165837e+18 1.2825204428694270e-11 9.2692255287260122e-19 -1.9741762598807944e-15
