# k_modes  P_R(k)  P_S(k)  P_RS(k)  P_T(k)  beta_iso  cosDelta
4.9988233523966640e-05 1.7101462812711537e-08 1.9077063086820135e-87 -5.6589910045727001e-48 1.0197277369828997e-11 1.1155222974633570e-79 -9.9075578184547219e-01
5.6066297893094010e-05 1.6992165079875978e-08 2.7910250343472783e-87 -6.8512010398139073e-48 1.0182070683719367e-11 1.6425364403107890e-79 -9.9485660181360092e-01
6.2883393507595230e-05 1.6891173813418343e-08 7.9463834236833153e-83 5.5464810953918522e-46 1.0164926889440947e-11 4.7044589745271057e-75 4.7874347007213325e-01
7.0529379103487143e-05 1.6778748955683207e-08 2.2770899043272217e-87 -6.1587032897610221e-48 1.0145294759852836e-11 1.3571273462291943e-79 -9.9636715899127815e-01
7.9105039331609823e-05 1.6666225412251363e-08 3.1096919777485400e-84 1.9433018910529571e-46 1.0122926093490997e-11 1.8658645859083375e-76 8.5361681398646538e-01
8.8723413238528476e-05 1.6557021507009399e-08 1.6231253968417949e-87 -5.0065963749237426e-48 1.0097769923314929e-11 9.8032450833904302e-80 -9.6577384018660473e-01
9.9511284277298333e-05 1.6450522578426103e-08 1.6056821719448528e-87 -4.2729771094541283e-48 1.0069510051455929e-11 9.7606757736110514e-80 -8.3140173083464608e-01
1.1161085148848946e-04 1.6346220783656834e-08 6.2614203308736624e-88 -2.6323638625570053e-48 1.0037792672914643e-11 3.8305002812233594e-80 -8.2281236650311929e-01
1.2518160387994793e-04 1.6243215236954364e-08 8.9092379310794292e-88 1.0397230198834525e-48 1.0002237326821285e-11 5.4848980334942168e-80 2.7331368727110128e-01
1.4040242271220644e-04 1.6132057025872711e-08 9.8509498801081624e-88 -3.6543605085855732e-48 9.9623438202700911e-12 6.1064437500494432e-80 -9.1670048259052550e-01
1.5747393940057037e-04 1.6006830145656379e-08 1.4099953622089626e-87 -4.7251559606537561e-48 9.9173068435371531e-12 8.8087107152291455e-80 -9.9461415866497471e-01
1.7662118011428421e-04 1.5881516728218210e-08 9.0847669166784398e-88 -4.3602588154962686e-49 9.8671437564661464e-12 5.7203396074486169e-80 -1.1479140882232504e-01
1.9809653193225089e-04 1.5756284189591236e-08 2.7119322283726460e-87 -6.3811291510247618e-48 9.8113981077063721e-12 1.7211749900805777e-79 -9.7618294505866987e-01
2.2218306965332988e-04 1.5631203699134680e-08 1.7157243015858447e-87 -5.1400709669297362e-48 9.7495852654364180e-12 1.0976277544645040e-79 -9.9254259249369903e-01
2.4919828711317038e-04 1.5506375472463378e-08 1.9569434468626383e-85 3.6507238860536488e-47 9.6812037008388735e-12 1.2620250621028937e-77 6.6272705701810253e-01
2.7949828219149108e-04 1.5373380311290193e-08 4.3937214345431356e-86 1.6744500810264307e-47 9.6057766206121158e-12 2.8580060764621764e-78 6.4427497073092099e-01
3.1348245067397851e-04 1.5230297308846808e-08 1.3808054957782756e-87 -4.4311257695300188e-48 9.5231589628111336e-12 9.0661755826408496e-80 -9.6625917958370844e-01
3.5159875084039106e-04 1.5090876826291532e-08 1.0515954083780760e-87 -2.1707711364917431e-48 9.4331181339846947e-12 6.9684182071247974e-80 -5.4491963948503153e-01
3.9434960817340920e-04 1.4957416399718352e-08 7.2669416614730453e-88 -3.2916966425298779e-48 9.3355843088463886e-12 4.8584203764026265e-80 -9.9842552554787301e-01
4.4229853802044936e-04 1.4832895570535454e-08 4.7114761214432716e-88 -2.4914513552990651e-48 9.2308463151761816e-12 3.1763697782665586e-80 -9.4245569996304202e-01
4.9607757350427612e-04 1.4720866888167562e-08 5.5593058208540465e-88 -2.8321568034603554e-48 9.1196750035940203e-12 3.7764799200260022e-80 -9.9001168141362828e-01
5.5639559659252777e-04 1.4609049392495537e-08 3.0450803963865896e-87 5.5721930444222853e-48 9.0036527590508195e-12 2.0843795613086260e-79 8.3544101651047398e-01
6.2404768214116026e-04 1.4521953308017484e-08 7.5039019047202878e-88 -3.2409221705681890e-48 8.8836811013436368e-12 5.1672813880880808e-80 -9.8177622232045958e-01
6.9992557807921482e-04 1.4466780408082646e-08 1.3973439246036198e-87 -4.3283632391502278e-48 8.7612896222791924e-12 9.6589834447401889e-80 -9.6268920010768333e-01
7.8502945987820856e-04 1.4452591994738304e-08 9.5310926475699788e-88 -3.5559490862648536e-48 8.6382639649605516e-12 6.5947289254688187e-80 -9.5810105271848411e-01
8.8048111424629885e-04 1.4490018442691344e-08 1.3079967718952932e-88 -1.3625319150255755e-48 8.5164694774847181e-12 9.0268813464142763e-81 -9.8971209681951422e-01
9.8753872582651677e-04 1.4576866512152351e-08 4.0551493551225401e-88 -2.3817587270863363e-48 8.3974194820350747e-12 2.7819074502341558e-80 -9.7963039082272707e-01
1.1076134618081715e-03 1.4745332960570106e-08 3.9631341063272413e-83 -7.1423545838977238e-46 8.2838468512661359e-12 2.6877210008922124e-75 -9.3431803270320468e-01
1.2422880730595259e-03 1.5015179149897720e-08 7.5082589930497546e-88 -3.2593356822390026e-48 8.1784908688506358e-12 5.0004458275816839e-80 -9.7072051855285901e-01
1.3933377569703377e-03 1.5409780523982307e-08 3.9776606430809419e-86 1.7878462633227946e-48 8.0838355618287347e-12 2.5812571677386914e-78 7.2213447749975609e-02
1.5627535570053785e-03 1.5956802477137843e-08 8.3328328892342658e-87 9.7534973555875256e-49 8.0020343074473587e-12 5.2221194698456396e-79 8.4584561037457748e-02
1.7527686074073382e-03 1.6685581503791225e-08 1.9749326046818358e-85 -5.3708824738252186e-47 7.9348591035726761e-12 1.1836162882504876e-77 -9.3561857634879075e-01
1.9658875689905638e-03 1.7635633406334161e-08 1.8120009414375284e-87 -5.6225206169029639e-48 7.8833950962992567e-12 1.0274657562266604e-79 -9.9461800292817626e-01
2.2049196440300485e-03 1.8850167236798235e-08 7.1094594128295628e-88 -3.5953534677297778e-48 7.8479699691590864e-12 3.7715630442529318e-80 -9.8212258884505732e-01
2.4730156054274979e-03 2.0369251119572752e-08 4.9175142654443322e-88 3.5393241638113123e-49 7.8277785219136954e-12 2.4141851050768910e-80 1.1183043023702609e-01
2.7737093282500570e-03 2.2227856784766516e-08 1.6644789872607466e-87 -5.9105863633999757e-48 7.8207560124977624e-12 7.4882567553767445e-80 -9.7172329480058217e-01
3.1109643710846876e-03 2.4448142593270202e-08 1.0259906382296733e-86 -1.5440653914298804e-47 7.8238416328785468e-12 4.1965995343633832e-79 -9.7492465815037155e-01
3.4892262212148570e-03 2.7028629089662435e-08 1.5050924756981516e-87 -3.2365875288056565e-48 7.8337637402416696e-12 5.5685120791930958e-80 -5.0745058182921943e-01
3.9134808922830595e-03 2.9953374388141212e-08 1.6377489354750490e-87 -3.5934022524564072e-48 7.8474753533034998e-12 5.4676608860584579e-80 -5.1304953153611155e-01
4.3893206468373427e-03 3.3120555869691346e-08 8.5999416874681187e-86 -3.5021925681078574e-47 7.8627126606565675e-12 2.5965571717164126e-78 -6.5621093077287773e-01
4.9230177100757586e-03 3.6358020756020627e-08 3.5253639340849625e-87 -1.0663026859344457e-47 7.8779055277530846e-12 9.6962482026780505e-80 -9.4184276926194366e-01
5.5216069464377243e-03 3.9396833530372150e-08 5.3950467304616903e-87 -5.6189662065682569e-48 7.8915434327794847e-12 1.3694112564408238e-79 -3.8541459453576293e-01
6.1929785888339053e-03 4.1862889449396808e-08 5.1913380827836319e-87 -3.3702234786112336e-48 7.9026692816590902e-12 1.2400811676076107e-79 -2.2861485300453968e-01
6.9459822428140586e-03 4.3294168645971477e-08 2.0967125252766389e-86 7.8588667865021418e-48 7.9118957489698893e-12 4.8429444215040682e-79 2.6084095414553166e-01
7.7905435365912962e-03 4.3206626287346244e-08 1.2493969950332172e-86 -2.0094091849596367e-47 7.9213278474805800e-12 2.8916791297799690e-79 -8.6485435423955082e-01
8.7377949545312528e-03 4.1237197389043782e-08 2.0529075097101295e-81 5.9408095446107878e-45 7.9326579727469917e-12 4.9782905718407576e-74 6.4567856208345753e-01
9.8002225786723331e-03 3.7102272643214696e-08 2.7119802975375197e-86 9.5443827866964701e-48 7.9468195926641455e-12 7.3094721814392405e-79 3.0088762585211903e-01
1.0991830672532801e-02 3.0965317952769881e-08 7.6826848749735360e-86 -4.1104427613648310e-47 7.9630441861334677e-12 2.4810611945569614e-78 -8.4274138804951371e-01
1.2328326276646763e-02 2.3493129832439396e-08 1.0923254125770842e-85 -4.7345698392976381e-47 7.9807570526742559e-12 4.6495525303265359e-78 -9.3461784530087733e-01
1.3827326249053019e-02 1.5831667831214278e-08 1.2065577022644037e-85 1.3709519702118967e-47 8.0010829825790849e-12 7.6211661028253240e-78 3.1367857562302764e-01
1.5508589479816605e-02 9.3499952422747935e-09 2.3255871019671589e-85 -2.0907558646366684e-47 8.0251695607097356e-12 2.4872601982216181e-77 -4.4836460775184772e-01
1.7394277340490941e-02 5.1619591415164029e-09 4.6541973526558931e-85 -1.8782320358300595e-47 8.0523130561640609e-12 9.0163390004839380e-77 -3.8319476296236088e-01
1.9509245801604274e-02 3.6262833180727799e-09 1.4649153373679256e-85 4.2884239834849223e-48 8.0813999909071879e-12 4.0397156230651818e-77 1.8606324338018082e-01
2.1881373068682569e-02 4.1058856929807733e-09 1.8299225678318089e-85 -1.2564415502919207e-48 8.1115130342971290e-12 4.4568278434057664e-77 -4.5837667096027032e-02
2.4541927055503853e-02 5.0925211067529826e-09 1.7491622982623814e-85 9.6174067961216219e-48 8.1434911563096508e-12 3.4347669093465107e-77 3.2223782191668698e-01
2.7525977538389288e-02 4.9588616435847806e-09 2.6912775590283906e-85 -3.0904854644441650e-47 8.1778819760349587e-12 5.4272084047960160e-77 -8.4597292649913569e-01
3.0872858424293582e-02 3.4365963741426211e-09 2.7356188965603083e-83 -1.6110648965721245e-46 8.2132403101276307e-12 7.9602565990683264e-75 -5.2543738977222787e-01
3.4626686226027083e-02 2.3981267567056146e-09 1.1918691959258139e-84 -4.2616862840528973e-47 8.2484206185857467e-12 4.9700008249902671e-76 -7.9713359307565490e-01
3.8836941578828520e-02 2.6649531945667772e-09 2.3873364807433599e-84 -6.8077942734491989e-47 8.2839419406036906e-12 8.9582679561149005e-76 -8.5350253049798319e-01
4.3559121463480503e-02 2.2201042103168281e-09 7.2935809613407089e-85 -1.7824957655338383e-47 8.3201524846381825e-12 3.2852426149400672e-76 -4.4296704999925030e-01
4.8855470733168871e-02 1.9464300521622711e-09 1.0405940982604708e-84 -8.9186674984644568e-48 8.3570244319739157e-12 5.3461674469343731e-76 -1.9817090521404651e-01
5.4795802586620923e-02 2.0575510258723940e-09 1.5590305608415924e-84 -7.8232065304073702e-48 8.3913277558247105e-12 7.5771173654396702e-76 -1.3812814334880477e-01
6.1458418802490956e-02 1.9622414702389052e-09 1.6209994820008715e-84 -1.5455860618667387e-47 8.4208893825049553e-12 8.2609582285686418e-76 -2.7404730126281285e-01
6.8931141864953957e-02 1.9700431232270998e-09 2.9721715716408378e-81 1.8844946946589378e-45 8.4457334191102581e-12 1.5086835088016580e-72 7.7878954892107166e-01
7.7312472585347750e-02 1.9515173319408877e-09 5.5941911123837642e-84 -3.8868277880043777e-48 8.4659610885043728e-12 2.8665854106558426e-75 -3.7199786138548289e-02
8.6712888478916839e-02 1.9147163388141299e-09 1.1624143565815922e-83 -1.7585791591876678e-47 8.4813824462905111e-12 6.0709481243656584e-75 -1.1787703893311345e-01
9.7256300011055383e-02 1.9115781528031893e-09 6.5231940418231217e-84 2.8122612148874188e-47 8.4925681615927478e-12 3.4124652618870620e-75 2.5184276534562466e-01
1.0908168390838681e-01 1.9151650229297772e-09 1.6294228263044171e-83 -1.0173238219340646e-47 8.4995921688419370e-12 8.5080022180634956e-75 -5.7588957315929355e-02
1.2234491506397677e-01 1.8904629023397232e-09 3.5871797982792801e-84 -8.1233452633679412e-48 8.5033304417284553e-12 1.8975139865689100e-75 -9.8644814400955363e-02
1.3722082118371884e-01 1.8710061605584507e-09 3.9716079370006767e-83 -1.1344301465373421e-47 8.5051683673333137e-12 2.1227123783575604e-74 -4.1615677116044220e-02
1.5390548725697170e-01 1.8693384567469214e-09 6.0914344132420982e-82 -1.2647420719037494e-46 8.5058196639264859e-12 3.2586043427590923e-73 -1.1852179199021019e-01
1.7261884022755208e-01 1.8648364799021863e-09 7.7548287246981450e-83 6.3411081542941478e-47 8.5056926086669704e-12 4.1584497130305483e-74 1.6674724887390538e-01
1.9360754793461971e-01 1.8930973579720222e-09 9.3072602802484488e-83 3.7946786036849944e-48 8.5050859405002735e-12 4.9164192433393063e-74 9.0401907485912394e-03
2.1714827053549618e-01 1.9012998225737159e-09 5.9526001060086183e-83 -5.3276137187342662e-48 8.5043793341031115e-12 3.1308055864386577e-74 -1.5836312780869281e-02
2.4355130726866361e-01 1.8931620063591329e-09 2.1549386894097251e-82 1.0891451583181122e-46 8.5038425380620305e-12 1.1382748450324295e-73 1.7051964346822393e-01
2.7316468662631432e-01 1.8826347211497807e-09 2.3422703995084831e-82 -3.0239258608921333e-46 8.5034640248243195e-12 1.2441449067071223e-73 -4.5537542764700339e-01
3.0637875385057850e-01 1.8731728546548999e-09 5.0862912462064239e-82 -6.4439250131928430e-47 8.5031916541447375e-12 2.7153346972580841e-73 -6.6017783310228006e-02
3.4363131622296217e-01 1.8644630021023603e-09 1.4985625689826606e-81 -8.9325209647833062e-46 8.5029945134122454e-12 8.0375023118875941e-73 -5.3439171819622566e-01
3.8541341396902012e-01 1.8562663638852069e-09 6.0780026704876517e-82 -5.1852797810280655e-46 8.5028499471409264e-12 3.2743160080573011e-73 -4.8817058096401317e-01
4.3227579284675555e-01 1.8479193014495477e-09 1.0249661889152274e-79 -1.0349380397580401e-44 8.5024470028259950e-12 5.5465960451369375e-71 -7.5200041365191683e-01
4.8483616373640609e-01 1.8397877892431202e-09 6.2991919405925131e-82 7.5652856264036790e-47 8.5019567769469933e-12 3.4238687621597763e-73 7.0274706821778082e-02
5.4378734492303116e-01 1.8318105637700524e-09 7.1329148925401233e-75 7.4610724937776123e-43 8.5014662905456936e-12 3.8939151425461045e-66 2.0640844356381358e-01
6.0990639439843219e-01 1.8240000416240832e-09 3.0510338996933580e-81 4.3108851449569453e-46 8.5009743648995972e-12 1.6727159156075064e-72 1.8273869266982581e-01
6.8406485255876559e-01 1.8162969188544799e-09 8.5425286592742110e-81 2.0855145730102762e-45 8.5004945197468280e-12 4.7032666138430151e-72 5.2945198828306372e-01
7.6724023031073940e-01 1.8086574562684804e-09 6.7311677722519836e-81 4.5965349746814877e-47 8.5000356872459115e-12 3.7216376981296101e-72 1.3173682727037761e-02
8.6052889401550836e-01 1.8010530499958226e-09 4.6089658549884273e-81 8.2372449689623735e-48 8.4996125053310294e-12 2.5590394769321854e-72 2.8590186200162996e-03
9.6516051711162310e-01 1.7933454894936447e-09 1.0739993748222456e-80 6.1940852731503766e-48 8.4988787055233777e-12 5.9888035022492611e-72 1.4113774790824724e-03
1.0825142889093851e+00 1.7856274427074117e-09 1.8596140550401977e-80 -1.1078094274851765e-46 8.4981708222548327e-12 1.0414345179533114e-71 -1.9224640213861475e-02
1.2141370942108933e+00 1.7779073169306861e-09 3.3467342316600802e-80 4.6852515678170332e-46 8.4975069670140988e-12 1.8824008427153331e-71 6.0739014773769889e-02
1.3617639033883162e+00 1.7701941679859914e-09 4.9490134081548496e-80 2.6485927117326141e-46 8.4968858890400510e-12 2.7957460812253755e-71 2.8297326879715774e-02
1.5273406416897408e+00 1.7624974469936585e-09 7.2918443896085614e-80 3.4047701070846117e-46 8.4963111742892794e-12 4.1372226677811455e-71 3.0033424113501430e-02
1.7130498392216706e+00 1.7548250139560262e-09 1.2690769638495856e-79 6.8948150379040000e-47 8.4957858341073839e-12 7.2319288462193481e-71 4.6202101676568750e-03
1.9213393997103525e+00 1.7471730485663719e-09 9.5003801986963020e-80 -2.2093053341380049e-46 8.4952746223821235e-12 5.4375725441116196e-71 -1.7148150535988060e-02
2.1549548672539514e+00 1.7394813786360935e-09 1.5680945567083465e-79 -3.2018592626573689e-46 8.4944954383519027e-12 9.0147245953151304e-71 -1.9386804152708822e-02
2.4169756163859262e+00 1.7318193732667865e-09 7.1815683103424645e-80 -2.4127638136763851e-46 8.4937630910253251e-12 4.1468344916338713e-71 -2.1634848882102355e-02
2.7108554424846409e+00 1.7241897079456944e-09 3.1618478616796713e-79 -9.1128988223268335e-47 8.4930929395819863e-12 1.8338166891431520e-70 -3.9029549610740863e-03
3.0404680875668322e+00 1.7165878779371241e-09 4.5890941498987496e-79 -4.4461573575055006e-47 8.4924673230675556e-12 2.6733814265387939e-70 -1.5841209025503529e-03
3.4101583015578618e+00 1.7090142788789719e-09 6.8790131536174836e-79 -9.8996561901421001e-47 8.4918926181206951e-12 4.0251349790534068e-70 -2.8872487131858149e-03
3.8247991120967102e+00 1.7014684937208150e-09 9.2558162845421378e-79 -1.8383520308956127e-46 8.4913705287185968e-12 5.4398987220158754e-70 -4.6324352798149723e-03
4.2898560577709191e+00 1.6939254459628323e-09 1.0706657650345323e-78 2.0506645820628063e-47 8.4907909284664875e-12 6.3206191723860836e-70 4.8152687002831759e-04
4.8114592314642159e+00 1.6863561177829219e-09 2.0929746282512884e-78 3.8217166201217945e-46 8.4900149866601133e-12 1.2411225637221598e-69 6.4328267182178715e-03
5.3964840834476435e+00 1.6788142405594712e-09 1.7481681301205684e-78 -3.9598360146974853e-46 8.4892894484912902e-12 1.0413112349690248e-69 -7.3094429316735536e-03
6.0526420493105668e+00 1.6712999593556656e-09 3.7762999182352218e-78 2.1406836354416638e-46 8.4886140883401664e-12 2.2594985999348043e-69 2.6945859947966329e-03
6.7885821973327731e+00 1.6638126596134822e-09 6.2847689453409180e-78 2.6051643314430183e-46 8.4879850357829669e-12 3.7773296825382510e-69 2.5476411394650977e-03
7.6140052351506249e+00 1.6563529258251028e-09 7.8907136423782667e-78 2.6891837272235638e-46 8.4874048180106113e-12 4.7639084155012152e-69 2.3522630874868444e-03
8.5397913784823416e+00 1.6489217427850375e-09 1.8404399595571412e-76 -4.4957909323726322e-45 8.4868783991196494e-12 1.1161475476990365e-67 -8.1610353243874896e-03
9.5781437673990020e+00 1.6414806475905447e-09 1.8773479863825838e-77 6.5010080677418581e-46 8.4862262698615699e-12 1.1436918181997810e-68 3.7033130958747289e-03
1.0742749320565741e+01 1.6340294015074099e-09 3.0166883528922233e-77 -6.2283909288904785e-46 8.4854415957186504e-12 1.8461652832619141e-68 -2.8053090123425560e-03
1.2048959147734218e+01 1.6266060518298236e-09 3.9369081512532823e-77 -1.9455858427664883e-45 8.4847056617717398e-12 2.4203206097902576e-68 -7.6883220023128643e-03
1.3513990898572196e+01 1.6192104159291680e-09 1.2111818089741718e-75 2.1999341351074188e-44 8.4840178238435704e-12 7.4800766908304934e-67 1.5709174513657970e-02
1.5157155715067336e+01 1.6118420636164745e-09 6.7315972750953574e-77 -1.0054591469059295e-44 8.4833763944167087e-12 4.1763380091916307e-68 -3.0524188283988136e-02
1.7000112779051136e+01 1.6045013739666206e-09 8.7708638691366284e-77 -2.5049651606149922e-45 8.4827839814928280e-12 5.4664109432660998e-68 -6.6774471304845949e-03
1.9067154810131459e+01 1.5971894032347055e-09 9.9125673426017490e-74 -1.1873890455615470e-43 8.4822471243779070e-12 6.2062566421529828e-65 -9.4367348483447386e-03
2.1385528277290128e+01 1.5898542102961300e-09 1.4257555052842791e-76 2.4159067588189695e-45 8.4815155407757570e-12 8.9678380322602939e-68 5.0743332969524872e-03
2.3985792544977109e+01 1.5825231307989997e-09 2.0931329207541374e-76 1.7349278427938819e-45 8.4807167046497352e-12 1.3226554986891952e-67 3.0144492687254275e-03
2.6902222687742793e+01 1.5752199154091417e-09 3.8400678794591467e-76 1.6023333287965567e-45 8.4799685233681647e-12 2.4377979492861744e-67 2.0602162984471365e-03
3.0173261283061500e+01 1.5679437595731763e-09 3.2792707206815445e-76 4.2614574165717126e-45 8.4792671498822185e-12 2.0914466482995686e-67 5.9429801112429823e-03
3.3842025137599833e+01 1.5606946458495108e-09 2.3633846033024150e-75 1.9205017472243267e-44 8.4786130351344530e-12 1.5143158269861222e-66 9.9997360217020364e-03
3.7956873626281457e+01 1.5534726560635555e-09 3.7583882533510854e-77 -6.9611383331744350e-45 8.4780073618650264e-12 2.4193462554240948e-68 -2.8808963712913027e-02
4.2572046135643319e+01 1.5462796796120450e-09 7.1087699260949633e-75 2.0482682719137866e-44 8.4774624610000303e-12 4.5973377389778048e-66 6.1779669993584207e-03
4.7748377013865714e+01 1.5390502919087712e-09 2.2576311949758524e-75 3.1114644090313615e-45 8.4766484974418795e-12 1.4668989095709655e-66 1.6692136716358183e-03
5.3554097451506181e+01 1.5318394497267735e-09 3.8130117616025853e-75 6.2776299502858225e-45 8.4758392103705523e-12 2.4891719313552691e-66 2.5974967584990447e-03
6.0065734862832443e+01 1.5246554001491419e-09 5.0807638968051172e-75 1.3648576071507317e-44 8.4750766951872330e-12 3.3324014700686570e-66 4.9038478798331302e-03
6.7369121622842599e+01 1.5174982054182221e-09 7.8909965948718548e-75 6.9205006443452960e-45 8.4743617362109913e-12 5.2000039055710763e-66 1.9998963711094992e-03
7.5560526456519852e+01 1.5103681174339053e-09 7.3234093554072633e-75 1.4433720789421215e-44 8.4736961958302782e-12 4.8487579093298358e-66 4.3399051694934139e-03
8.4747923393595002e+01 1.5032648188369646e-09 3.3268330023653984e-75 -2.7121105089288922e-44 8.4730790341318756e-12 2.2130718158755816e-66 -1.2127579608801071e-02
9.5052415015391986e+01 1.4961860595536486e-09 1.4470323935963414e-74 -3.5260757351323706e-45 8.4725025226851564e-12 9.6714735734673868e-66 -7.5780891029767557e-04
1.0660982875411851e+02 1.4890667967099420e-09 1.6566280277779678e-74 -8.4150047942313099e-45 8.4716249272921395e-12 1.1125276793749270e-65 -1.6942784051581213e-03
1.1957250728602756e+02 1.4819752696920071e-09 2.2976652560293137e-74 -2.9113144930147569e-44 8.4708006487145785e-12 1.5504072861531813e-65 -4.9891351147595443e-03
1.3411131661830734e+02 1.4749106095253723e-09 5.2815777121259915e-74 -7.7119948991697419e-45 8.4700251301953728e-12 3.5809476710087593e-65 -8.7377989290502421e-04
1.5041789833905727e+02 1.4678725850899088e-09 2.1498136653579701e-74 -5.5914454186313625e-44 8.4692974702237267e-12 1.4645778436050644e-65 -9.9535843365235570e-03
1.6870719571811577e+02 1.4608606831286518e-09 1.0725567122447550e-73 -5.0321257402801097e-44 8.4686152480854885e-12 7.3419507050303680e-65 -4.0201008815211438e-03
1.8922028695623817e+02 1.4538762407724022e-09 1.3102106081985040e-73 8.2219131743252158e-44 8.4679869283122634e-12 9.0118441408907484e-65 5.9571510303548002e-03
2.1222756292875999e+02 1.4469025416728590e-09 1.6159056964583562e-73 -9.1557050109898573e-44 8.4673266932263041e-12 1.1168034127510078e-64 -5.9877567070298586e-03
2.3803229131080175e+02 1.4399034003165089e-09 2.4195098939969506e-73 -3.9857671681989703e-44 8.4664360921206961e-12 1.6803279257935720e-64 -2.1354113444677744e-03
2.6697461406410093e+02 1.4329313997539448e-09 4.9236416818914013e-73 -4.9842787163802168e-44 8.4655971111199365e-12 3.4360623842403500e-64 -1.8764906299348653e-03
2.9943603097787428e+02 1.4259858984597687e-09 6.6775429704206656e-73 -3.4504929895220109e-44 8.4648063736298566e-12 4.6827552626103750e-64 -1.1181889294965130e-03
3.3584442836296989e+02 1.4190662504848184e-09 8.6257295027994165e-73 -2.5465078594187074e-43 8.4640604547734772e-12 6.0784544060944800e-64 -7.2785650508920526e-03
3.7667971918444357e+02 1.4121735125799257e-09 1.0740917836334973e-72 -3.5377540024031157e-45 8.4633663357679799e-12 7.6059476690737479e-64 -9.0837025177158086e-05
4.2248016897729707e+02 1.4053074278650465e-09 1.7050840411711843e-72 -5.2306917269232740e-44 8.4627232584791885e-12 1.2133174616187439e-63 -1.0685640518641995e-03
4.7384949092968651e+02 1.3984398602732008e-09 2.6452451997928709e-72 -3.2036066619113983e-43 8.4619800034992630e-12 1.8915687938672550e-63 -5.2672547500827076e-03
5.3146480365659113e+02 1.3915606102411090e-09 3.9446048897513550e-72 -4.8397704917597443e-43 8.4610744179373701e-12 2.8346626519328483e-63 -6.5323876555138001e-03
5.9608555655840462e+02 1.3847078805842585e-09 5.1417537911979976e-72 2.4719060153852495e-44 8.4602185077988115e-12 3.7132407948949529e-63 2.9295251715011263e-04
6.6856354041298596e+02 1.3778812420450638e-09 6.2239008222619867e-72 -1.8620506753879007e-43 8.4594100124730300e-12 4.5170081661206281e-63 -2.0107323738274441e-03
7.4985411515461112e+02 1.3710805344407283e-09 8.5765037696236926e-72 3.5307611240668383e-44 8.4586485121183826e-12 6.2552881134163995e-63 3.2559798767577380e-04
8.4102880283745594e+02 1.3643062553861087e-09 1.4444709102979691e-71 2.3479208966074562e-43 8.4579376138670796e-12 1.0587585482331263e-62 1.6725269552946452e-03
9.4328941177626450e+02 1.3575588488088604e-09 8.6563973826891827e-70 4.1778361087442640e-40 8.4572809892092931e-12 6.3764435628587424e-61 3.8539269118429015e-01
1.0579838780398843e+03 1.3507976756625293e-09 3.6963692359777585e-71 4.3508941234656615e-43 8.4564509542394530e-12 2.7364344065552159e-62 1.9471333227723984e-03
1.1866240331104239e+03 1.3440385562435576e-09 4.4432743502436382e-71 1.0764057181446978e-42 8.4555312982502104e-12 3.3059128620998118e-62 4.4047226505620346e-03
1.3309055319103513e+03 1.3373043297603167e-09 5.0515881568689717e-71 -3.4958388254905879e-43 8.4546529407110685e-12 3.7774409642226770e-62 -1.3450000728462770e-03
1.4927302038764137e+03 1.3305969863905455e-09 6.0705980485893380e-71 4.3944355150143900e-43 8.4538286752649415e-12 4.5623115869642802e-62 1.5461943756961273e-03
1.6742311216984347e+03 1.3239153801125443e-09 1.0978457015501483e-70 -7.6785504784592522e-42 8.4530518488980190e-12 8.2924159507597967e-62 -2.0140881627409186e-02
1.8778007181635815e+03 1.3172592324221099e-09 1.1351062209588762e-70 4.0316428418363879e-41 8.4523213810405499e-12 8.6171817438827139e-62 1.0426250956630874e-01
2.1061223217249426e+03 1.3106299162780530e-09 1.6321962877769411e-70 -2.4182001484019950e-42 8.4516475819035452e-12 1.2453525343081419e-61 -5.2283663656673991e-03
2.3622055264767714e+03 1.3039759952152350e-09 9.0978507884340153e-71 -5.6285610416017684e-42 8.4507296700612140e-12 6.9770078757717614e-62 -1.6341547369345562e-02
2.6494258627615254e+03 1.2973359502078547e-09 2.8527613368112337e-70 -3.3381113468507116e-42 8.4497886709242910e-12 2.1989380132063512e-61 -5.4870873340542589e-03
2.9715692913220619e+03 1.2907217445420615e-09 4.7421061168756293e-70 -2.8359315777738661e-43 8.4488965528756450e-12 3.6739956825923723e-61 -3.6248813941591995e-04
3.3328821074934567e+03 1.2841328870480981e-09 4.6149994973531594e-70 -9.6948998994406164e-43 8.4480505290885022e-12 3.5938644231454072e-61 -1.2593676002557758e-03
3.7381269132405082e+03 1.2775698098883115e-09 1.1806407037338492e-69 -1.5806457275817236e-42 8.4472540128883806e-12 9.2413009026650671e-61 -1.2870142206936376e-03
4.1926453948297794e+03 1.2710323113333550e-09 1.6264344682475515e-69 -1.6908208709444949e-42 8.4465063269014596e-12 1.2796169332165661e-60 -1.1759829352066930e-03
4.7024287336325606e+03 1.2645207814491667e-09 2.0000663076857708e-69 1.9508591031119671e-42 8.4458137918448870e-12 1.5816792709358670e-60 1.2267066567233440e-03
5.2741965781704157e+03 1.2579750691529021e-09 2.3587117951505558e-69 1.7895618774388213e-42 8.4448070483838552e-12 1.8750067890764084e-60 1.0388988439390715e-03
5.9154856183638767e+03 1.2514543684507892e-09 4.9236402990915022e-69 -2.1092046673290292e-42 8.4438454985922764e-12 3.9343346615079666e-60 -8.4970476858589941e-04
6.6347489295153810e+03 1.2449594306266048e-09 6.8614637997972483e-69 -3.3596600936892102e-42 8.4429340557515025e-12 5.5113954969149323e-60 -1.1495009987291737e-03
7.4414673955171666e+03 1.2384895410997204e-09 8.8862726447848633e-69 -4.1503149771953895e-42 8.4420684090511949e-12 7.1750889691763338e-60 -1.2510511571518291e-03
8.3462746799960387e+03 1.2320446278995245e-09 1.0473729346499349e-68 7.5101968915110877e-42 8.4412486449495896e-12 8.5010957471205341e-60 2.0906793499245757e-03
9.3610973926872557e+03 1.2256257053877606e-09 2.0351918959885936e-68 2.5383232906523705e-43 8.4404824794788456e-12 1.6605329727028730e-59 5.0823588018458142e-05
1.0499312298623956e+04 1.2192218532727426e-09 2.1501077698299964e-68 1.6641235551259329e-42 8.4397051940877264e-12 1.7635082278573730e-59 3.2502299243538795e-04
1.1775922642376372e+04 1.2127947974231812e-09 3.7194668339402382e-68 -4.1542227551753193e-43 8.4386708991723433e-12 3.0668558620493510e-59 -6.1852288426788709e-05
1.3207755911537841e+04 1.2063934132197719e-09 4.1564458008586170e-68 3.2045230918745641e-41 8.4376875569367770e-12 3.4453485532264142e-59 4.5254093093568268e-03
1.4813685646253527e+04 1.2000174485264038e-09 7.4339268799444649e-68 -7.9931041055339041e-42 8.4367538536466425e-12 6.1948489907985678e-59 -8.4627701685880199e-04
1.6614880218547798e+04 1.1936661437264812e-09 1.0485569022933144e-67 -2.9680779271183348e-41 8.4358649800569804e-12 8.7843398072751456e-59 -2.6530037232442220e-03
1.8635081860705388e+04 1.1873400387289128e-09 1.6398431097647266e-67 6.8547214757998055e-41 8.4350252947967136e-12 1.3811065543786711e-58 4.9124835241419794e-03
2.0900919620685858e+04 1.1810391384535414e-09 2.1390819521155391e-67 2.7359777203670869e-41 8.4342357665036226e-12 1.8111863379197270e-58 1.7213401542397265e-03
2.3442260369756004e+04 1.1747427207445206e-09 2.8196816923287836e-67 -1.2680032674629896e-41 8.4333663131726638e-12 2.4002546621797705e-58 -6.9670503492002590e-04
2.6292602489105098e+04 1.1684353163722011e-09 4.6603269341295630e-67 3.1033165126693065e-41 8.4323097254849878e-12 3.9885194061055164e-58 1.3298894548624347e-03
2.9489517424777714e+04 1.1621533455910277e-09 6.0691895431278011e-67 4.7323608669309813e-41 8.4313042491262536e-12 5.2223655046496798e-58 1.7818895692047966e-03
3.3075144931226139e+04 1.1558960374825131e-09 7.7731506398234407e-67 1.5015026625360929e-41 8.4303448166464385e-12 6.7247835339525820e-58 5.0091977528203774e-04
3.7096748531477890e+04 1.1496634171153299e-09 1.0037767460767147e-66 -4.7196591117787087e-41 8.4294321989394111e-12 8.7310488542406115e-58 -1.3893341491592415e-03
4.1607338515649870e+04 1.1434557491303312e-09 1.5365754108384108e-66 -8.7158647153981077e-42 8.4285688855367790e-12 1.3437996284570445e-57 -2.0793321086922127e-04
4.6666370689790296e+04 1.1372730258691769e-09 2.3341225410200949e-66 -1.5317539150192814e-41 8.4277558151728096e-12 2.0523853884920986e-57 -2.9729992756695874e-04
5.2340530085523169e+04 1.1310848597625033e-09 3.2431215634729729e-66 1.7377477481347245e-40 8.4267936017213313e-12 2.8672663553766772e-57 2.8691782231222420e-03
5.8704609960870876e+04 1.1248967664495272e-09 5.5679233798568617e-66 9.3950155403508343e-42 8.4257110620045259e-12 4.9497194284153787e-57 1.1871197857807382e-04
6.5842497678699874e+04 1.1187337274002634e-09 6.9584408633492576e-66 -5.0536643110475133e-41 8.4246788360953037e-12 6.2199258795204355e-57 -5.7277895736783846e-04
7.3848280458029039e+04 1.1125951555015220e-09 8.9848857601571931e-66 -1.5608486189384599e-41 8.4236929435224578e-12 8.0756110753575018e-57 -1.5611186869911856e-04
8.2827485573530270e+04 1.1064813699302321e-09 1.2939566124114424e-65 4.1442384003970006e-40 8.4227563824235476e-12 1.1694337090312072e-56 3.4634810869586391e-03
9.2898471350763590e+04 1.1003920034474890e-09 1.8520155409833261e-65 6.2684163644140373e-40 8.4218671538828766e-12 1.6830507084575563e-56 4.3909835440324096e-03
1.0419398729238535e+05 1.0943279129605707e-09 2.6709413381878029e-65 3.6332676931910696e-41 8.4210328577382619e-12 2.4407138907403876e-56 2.1251592702122861e-04
1.1686292389994772e+05 1.0882476841238316e-09 1.4666067709270944e-65 8.7133496126936719e-41 8.4199685295097213e-12 1.3476773645586818e-56 6.8970666253999075e-04
1.3107227525635826e+05 1.0821792716369953e-09 6.5943849702448704e-65 -9.0923167552499887e-40 8.4188616316627069e-12 6.0936160422567041e-56 -3.4035944208193848e-03
1.4700934023854390e+05 1.0761353308928940e-09 7.4256603162595342e-65 -1.6897362389140572e-40 8.4178024346951777e-12 6.9003034312592406e-56 -5.9774772773119305e-04
1.6488419137535026e+05 1.0701153370840654e-09 1.0719916793063428e-64 3.9938009082087238e-40 8.4167874233659138e-12 1.0017534018598314e-55 1.1791672535130552e-03
1.8493244389362348e+05 1.0641190879956352e-09 1.4929957358691244e-64 -1.7958211992574900e-40 8.4158154407968432e-12 1.4030344467190390e-55 -4.5054553857756823e-04
2.0741836145233395e+05 1.0581490357746659e-09 2.0427041486215114e-64 4.0936751929166722e-40 8.4149068146089292e-12 1.9304503236881535e-55 8.8051594616880954e-04
2.3263833950260401e+05 1.0522030556995305e-09 2.8645887041133189e-64 -6.8698090426375655e-40 8.4140482618715240e-12 2.7224675775236841e-55 -1.2513066380127368e-03
2.6092481218913739e+05 1.0462317918697776e-09 4.6142587480791153e-64 8.7132344939327367e-41 8.4128801933043656e-12 4.4103599067972527e-55 1.2540489057333144e-04
2.9265063429140643e+05 1.0402824762168896e-09 6.0146943503259873e-64 -8.5953405076996116e-39 8.4117429293086646e-12 5.7817895502759363e-55 -1.0866274289329353e-02
3.2823399596463516e+05 1.0343574683550875e-09 7.6390952737491182e-64 -3.9420093047543122e-40 8.4106540412975182e-12 7.3853532337300936e-55 -4.4346704758615400e-04
3.6814393506365211e+05 1.0284562828208924e-09 1.1942347138367748e-63 -5.1973112068775009e-41 8.4096100916417271e-12 1.1611915195473146e-54 -4.6896556980498845e-05
4.1290651970965520e+05 1.0225793260821911e-09 1.6624883071768031e-63 1.0478614272137870e-39 8.4086149616144738e-12 1.6257793060869867e-54 8.0366684133415672e-04
4.6311178259465774e+05 1.0167266055961428e-09 2.4972499152778080e-63 -1.8677269371804488e-40 8.4076696338436073e-12 2.4561665855233344e-54 -1.1721421537101531e-04
5.1942149842732662e+05 1.0108916740140236e-09 3.2130028148791658e-63 -5.5613446982857711e-40 8.4067308397906297e-12 3.1783848828441271e-54 -3.0858296751257207e-04
5.8257790703768958e+05 1.0050368688385385e-09 4.1044591419320321e-63 -2.8827121921214310e-39 8.4055094152765564e-12 4.0838891280429461e-54 -1.4193265266425250e-03
6.5341349712328217e+05 9.9920685227566499e-10 7.1875287139524966e-63 1.2416429764940014e-39 8.4043418472321103e-12 7.1932340111390402e-54 4.6331806945698633e-04
7.3286197960002278e+05 9.9340063632689545e-10 1.0131797436992113e-62 3.0366960594339320e-39 8.4032203377983889e-12 1.0199105040293202e-53 9.5718494613783011e-04
8.2197059520172072e+05 9.8761822516369243e-10 1.1850830750184796e-62 -2.8946077914450703e-39 8.4021455163902405e-12 1.1999404677065963e-53 -8.4609821940010127e-04
9.2191391855942027e+05 9.8185959984646311e-10 1.7725514308292563e-62 -3.2939050556167878e-39 8.4011177876139966e-12 1.8053003006809085e-53 -7.8956330975605790e-04
1.0340093407173578e+06 9.7612515015477906e-10 2.7062385887389151e-62 -1.2715496671458959e-39 8.4001415032638114e-12 2.7724299371958615e-53 -2.4739876993493809e-04
1.1597344341665162e+06 9.7039862193519683e-10 3.4572394341054287e-62 -3.5894325852830249e-39 8.3990952835016801e-12 3.5627002717820256e-53 -6.1970640736679072e-04
1.3007464292908891e+06 9.6466343454138993e-10 5.2738832396409853e-62 -2.0057474168834744e-39 8.3978423602462247e-12 5.4670707428111848e-53 -2.8120502548792528e-04
1.4589040589529194e+06 9.5895242803812896e-10 8.0180525812423150e-62 -3.2517729047004464e-39 8.3966402905502667e-12 8.3612620885125993e-53 -3.7084055848750938e-04
1.6362920591599210e+06 9.5326479075953328e-10 1.1250310090989677e-61 -4.0547233943938363e-39 8.3954824595929746e-12 1.1801873099735239e-52 -3.9153646012906804e-04
1.8352486487641057e+06 9.4760091706381041e-10 1.6216639944248336e-61 -1.2702400475709308e-38 8.3943728016513711e-12 1.7113364552765966e-52 -1.0246903058888689e-03
2.0583963504166189e+06 9.4196086121499228e-10 2.4006295547492873e-61 -6.7783308567177062e-40 8.3933125716195760e-12 2.5485449062637538e-52 -4.5075832878421685e-05
2.3086765590383275e+06 9.3634482591293296e-10 3.2563329833063494e-61 -1.1596662780210031e-38 8.3923047377150613e-12 3.4777070297061088e-52 -6.6412635788393615e-04
2.5893883134675520e+06 9.3072729663655699e-10 4.2570000487506505e-61 -2.9593203844685194e-40 8.3911479213449028e-12 4.5738424822550164e-52 -1.4867191397252632e-05
2.9042317823486081e+06 9.2511140952831897e-10 5.4446425593552919e-61 -1.2444490121645568e-38 8.3898589449782178e-12 5.8853912115637178e-52 -5.5449214963920941e-04
3.2573570374652371e+06 9.1951928835833433e-10 8.6637106051980698e-61 -2.1933244355688430e-38 8.3886191860940508e-12 9.4219998589326420e-52 -7.7708850848075240e-04
3.6534187574188234e+06 9.1395043723195747e-10 1.3253482377988770e-60 2.6581819739087595e-39 8.3874246570497042e-12 1.4501314117348664e-51 7.6376259230495023e-05
4.0976375827214490e+06 9.0840510413950911e-10 1.7220536093620809e-60 7.3086354880657049e-39 8.3862781347375756e-12 1.8956890505291732e-51 1.8478775353905337e-04
4.5958689310485609e+06 9.0288311828373354e-10 2.1509704283112203e-60 4.8519405915936044e-38 8.3851789205256502e-12 2.3823354150202106e-51 1.1009877536851313e-03
5.1546801797315720e+06 8.9738549260128265e-10 3.5416698693595661e-60 -2.3246379220713190e-38 8.3841373440119716e-12 3.9466538054824174e-51 -4.1234597311741862e-04
5.7814372328619314e+06 8.9187730205889689e-10 4.9921934997807122e-60 3.7248084574651251e-39 8.3828643004508055e-12 5.5973994273161158e-51 5.5822037452477685e-05
6.4844016140808985e+06 8.8637991033205915e-10 7.3693939214321295e-60 2.9014855219784671e-38 8.3815294550801332e-12 8.3140353651194299e-51 3.5900010020518594e-04
7.2728393648720114e+06 8.8090737847876514e-10 1.0356909571948615e-59 1.0762341137552667e-38 8.3802565114350422e-12 1.1757092544546413e-50 1.1267473307384333e-04
8.1571431837861501e+06 8.7545741359492615e-10 1.3814118420677889e-59 1.2053087018557563e-38 8.3790238951897636e-12 1.5779315139902027e-50 1.0960217997186808e-04
9.1489694165629111e+06 8.7003051951028724e-10 1.9825092525725289e-59 1.1669917547533760e-37 8.3778371997170620e-12 2.2786663319447931e-50 8.8857263121303899e-04
1.0261391702867268e+07 8.6462684966911790e-10 2.7761743342568501e-59 1.2912962730649497e-37 8.3766987283946128e-12 3.2108352121140560e-50 8.3346654336944692e-04
1.1509073304917760e+07 8.5924673526376715e-10 3.9050307452728250e-59 1.7047145454884784e-37 8.3756156056161429e-12 4.5447140908531686e-50 9.3063738052712901e-04
1.2908460389535524e+07 8.5384936784978907e-10 6.0902523019087013e-59 1.9679175305775749e-37 8.3742283456688506e-12 7.1327010726089934e-50 8.6297580879479599e-04
1.4477998811338553e+07 8.4847152403460023e-10 7.6000378817445711e-59 2.8801914337129298e-37 8.3728552833081201e-12 8.9573281677213316e-50 1.1342135732065777e-03
1.6238377254583100e+07 8.4311714362934102e-10 1.0076258999894597e-58 -3.5323832063816164e-37 8.3715327960749298e-12 1.1951196907845602e-49 -1.2119206632591124e-03
1.8212799938597523e+07 8.3778566097141481e-10 1.5433079157877678e-58 8.3229961885757381e-38 8.3702557897640712e-12 1.8421273932980637e-49 2.3146585919046206e-04
2.0427292481442846e+07 8.3247709668301010e-10 2.2044945119777128e-58 2.2228584709070877e-38 8.3690251341324160e-12 2.6481143094044043e-49 5.1888504530073287e-05
2.2911044953505673e+07 8.2719180929815908e-10 3.0212475242633943e-58 -6.9455634319223206e-38 8.3678454575322206e-12 3.6524147003181870e-49 -1.3893485605700603e-04
2.5696796642943010e+07 8.2192428322598591e-10 4.3948854821084914e-58 1.2167481630742918e-37 8.3666720092209885e-12 5.3470685460939584e-49 2.0244684450883242e-04
2.8821267604720458e+07 8.1664254507043448e-10 6.6994891002084548e-58 6.1224008094357242e-37 8.3652060629736342e-12 8.2036983508257355e-49 8.2772279270500637e-04
3.2325642681654282e+07 8.1138446676276002e-10 8.7195384812903410e-58 -1.4234778877866312e-37 8.3637943584885746e-12 1.0746494218800271e-48 -1.6923517361375819e-04
3.6256114377524585e+07 8.0614832920332856e-10 1.2171832357619307e-57 -9.2757601147378438e-38 8.3624200122608655e-12 1.5098750337482001e-48 -9.3640569947999445e-05
4.0664491738076538e+07 8.0093559827595105e-10 1.7229959710318900e-57 -3.0997459665789098e-37 8.3610983819140189e-12 2.1512291059864416e-48 -2.6386705761093895e-04
4.5608883265802294e+07 7.9574537032914160e-10 2.4039669295578040e-57 -2.0980751955892898e-37 8.3598209904821763e-12 3.0210253420179610e-48 -1.5169446849128015e-04
5.1154462870263688e+07 7.9057818742315762e-10 3.5531185530626737e-57 -2.1493029054641700e-38 8.3585944971954542e-12 4.4943290993694771e-48 -1.2823907086355997e-05
5.7374328950238876e+07 7.8542050764309749e-10 4.3344949250825034e-57 1.6166873273682510e-36 8.3572964691630775e-12 5.5186933405769173e-48 8.7620487730485268e-04
6.4350467931582265e+07 7.8025807028471933e-10 6.3448505698624925e-57 5.9160448817297712e-38 8.3557821966195300e-12 8.1317333475925865e-48 2.6588976873144330e-05
7.2174834961557433e+07 7.7511862856973400e-10 9.6066482632659255e-57 -2.3394832225754596e-36 8.3543176317903056e-12 1.2393778073676702e-47 -8.5733371503883852e-04
8.0950566004687130e+07 7.7000150764758543e-10 1.1663878907937686e-56 4.1448482090436850e-36 8.3528960691966764e-12 1.5147865026357864e-47 1.3830610210979262e-03
9.0793337317217782e+07 7.6490724150106667e-10 1.9995737786399300e-56 -9.3485410283649588e-37 8.3515237615370286e-12 2.6141389048898706e-47 -2.3904008559161882e-04
1.0183289021994986e+08 7.5983535743953411e-10 2.5074436406515445e-56 1.2382346420464769e-36 8.3501963589454470e-12 3.2999828398365640e-47 2.8367927648408753e-04
1.1421474126804471e+08 7.5478614182332817e-10 3.8386136188417920e-56 2.9835437093987635e-38 8.3489182631707669e-12 5.0856970022911353e-47 5.5428515318685234e-06
1.2810210036021128e+08 7.4973874025469802e-10 5.3531796402159453e-56 4.4309871454339104e-36 8.3474895697347367e-12 7.1400600673207655e-47 6.9942250980174010e-04
1.4367802207059690e+08 7.4469556254764287e-10 7.6064378986137340e-56 9.8002817454639998e-37 8.3459234011336652e-12 1.0214157678866391e-46 1.3021425073974494e-04
1.6114781856091097e+08 7.3967476678835768e-10 9.6691559525657212e-56 1.3200236049050703e-36 8.3444023142223193e-12 1.3072172239359824e-46 1.5608710051050266e-04
1.8074176587829465e+08 7.3467647790030720e-10 1.3348662554212477e-55 -5.2521476189159544e-36 8.3429282456784394e-12 1.8169443225353733e-46 -5.3035904405378481e-04
2.0271813931168121e+08 7.2970047238882647e-10 2.1233534025716049e-55 1.3133903406261439e-36 8.3414992573984503e-12 2.9098972563637863e-46 1.0551406698289263e-04
2.2736661781683558e+08 7.2474706107931492e-10 3.0518750912749627e-55 7.5007608399593578e-37 8.3401199069117372e-12 4.2109520068008550e-46 5.0434614954286602e-05
2.5501210238509780e+08 7.1981597950177204e-10 4.3814864767925963e-55 2.4021523714615525e-35 8.3387882651003877e-12 6.0869536125403698e-46 1.3526301768802625e-03
2.8601899868720442e+08 7.1487932131225616e-10 6.0033775128775520e-55 3.3650420794822704e-36 8.3372228376727761e-12 8.3977495696162443e-46 1.6243376280739998e-04
3.2079602044334829e+08 7.0995495337126489e-10 8.4985246755553213e-55 2.3149354376493605e-35 8.3355959361003634e-12 1.1970512544774218e-45 9.4243567293007184e-04
3.5980157683452857e+08 7.0505368928974649e-10 1.2002355742959894e-54 2.5515077678410219e-36 8.3340246292423875e-12 1.7023321663703041e-45 8.7710695084361839e-05
4.0354981496871459e+08 7.0017342060448106e-10 1.6619374640958969e-54 -2.9016938972141346e-36 8.3324848722670527e-12 2.3736083307205458e-45 -8.5063147249398352e-05
4.5261739704987180e+08 6.9531584872889177e-10 2.3832283632577209e-54 5.7653316149325303e-36 8.3309972444050868e-12 3.4275478800238844e-45 1.4162841624852402e-04
5.0765110158230001e+08 6.9048056803869225e-10 3.2877847934633535e-54 -4.2269093571488278e-36 8.3295578961908142e-12 4.7615891679649945e-45 -8.8714684656017689e-05
5.6937634880465472e+08 6.8566751569980655e-10 4.8229121058796391e-54 1.8523558999427015e-35 8.3281712508585436e-12 7.0338932433706947e-45 3.2211650028176123e-04
6.3860676273064768e+08 6.8084209903952476e-10 6.6573484205808124e-54 -4.3804639306377259e-35 8.3264591004226149e-12 9.7781092414415094e-45 -6.5064824726905883e-04
7.1625489583733678e+08 6.7603702956897539e-10 9.5300508968949835e-54 1.1399128178891844e-36 8.3247730523934075e-12 1.4096936232873383e-44 1.4201649328338551e-05
8.0334425776717401e+08 6.7125436500148307e-10 1.2548317406653326e-53 7.7270327667276759e-36 8.3231366854825971e-12 1.8693833606021470e-44 8.4193089166491978e-05
9.0102280659880471e+08 6.6649277769683503e-10 1.8792348980995060e-53 -1.1361012273733621e-35 8.3215343312807368e-12 2.8195877899734816e-44 -1.0151466149305444e-04
1.0105780805200899e+09 6.6175353728830288e-10 2.6755343838894637e-53 -4.8516260700224330e-35 8.3199823180346016e-12 4.0430979709653245e-44 -3.6461448435129212e-04
1.1334541693597839e+09 6.5703627446321271e-10 3.7492670884855023e-53 -1.8370239300638660e-35 8.3184770184273559e-12 5.7063319548811650e-44 -1.1704340569144860e-04
1.2712707496860633e+09 6.5233589447350529e-10 5.3171844145745309e-53 -2.1004495851095436e-35 8.3169681995008866e-12 8.1509916281181875e-44 -1.1278095363852171e-04
1.4258444343808043e+09 6.4762750817515451e-10 6.7269474402999550e-53 1.9676445486229436e-34 8.3151645432036891e-12 1.0387062555842848e-43 9.4270320986361295e-04
1.5992127181064832e+09 6.4294136415982824e-10 1.0482692883768277e-52 -1.1172793648491917e-34 8.3134101256923242e-12 1.6304275114522564e-43 -4.3036769389117555e-04
1.7936608343000286e+09 6.3827695100679839e-10 1.4722401682747718e-52 -9.8461249527701413e-36 8.3116993245922947e-12 2.3065851993441178e-43 -3.2119696328094722e-05
2.0117518777059007e+09 6.3363416244968250e-10 2.0738072977689961e-52 1.9889379954886895e-35 8.3100310965249239e-12 3.2728779801762646e-43 5.4867826037419450e-05
2.2563605895049858e+09 6.2901323160557411e-10 2.8852406328079317e-52 3.9108252363645058e-35 8.3084094072908889e-12 4.5869315426692581e-43 9.1801018288061018e-05
2.5307112503739724e+09 6.2441428660534269e-10 4.1510659113864776e-52 -3.2187936007144272e-35 8.3068370695088056e-12 6.6479355140221734e-43 -6.3223261935153229e-05
2.8384201809580684e+09 6.1982479257936677e-10 5.9211965125811817e-52 7.4460769686902467e-35 8.3051725933907511e-12 9.5530165676988302e-43 1.2291030939967892e-04
3.1835434099719896e+09 6.1523572404812152e-10 8.3106978502303800e-52 6.2509282445298596e-35 8.3032982377177013e-12 1.3508152282750647e-42 8.7418830974022877e-05
3.5706301382606344e+09 6.1066835747493808e-10 1.1639555779552934e-51 1.1969797537686905e-34 8.3014685594231003e-12 1.9060355161812398e-42 1.4197631280218496e-04
4.0047827035496063e+09 6.0612250383339416e-10 1.6536683292684893e-51 1.0303280142057890e-34 8.2996814087156532e-12 2.7282741010438307e-42 1.0291320404490908e-04
4.4917238363038197e+09 6.0159834924999685e-10 2.3509120856875824e-51 1.4205481710240721e-34 8.2979400333078520e-12 3.9077768225568225e-42 1.1944953213891370e-04
5.0378720932192993e+09 5.9709597404004242e-10 3.3045945560369367e-51 2.1095298764804098e-34 8.2962465268130090e-12 5.5344445444465922e-42 1.5017737798354180e-04
5.6504264626657906e+09 5.9261491800624055e-10 4.6131279779606139e-51 1.9302947916881309e-34 8.2945958157847369e-12 7.7843601937675744e-42 1.1674535158940135e-04
6.3374612572967606e+09 5.8813549278712745e-10 6.4931973504474705e-51 -1.3013629981860590e-34 8.2927492329034451e-12 1.1040308619492973e-41 -6.6593287987913984e-05
7.1080325446424637e+09 5.8366663123542309e-10 9.7531951706799366e-51 6.0999688092130461e-34 8.2908115460432570e-12 1.6710215470149031e-41 2.5566526272224665e-04
7.9722975185882940e+09 5.7921820160625234e-10 1.3222876147811499e-50 2.8786759687821262e-34 8.2889024071817995e-12 2.2828833954358878e-41 1.0401805213498088e-04
8.9416483852193775e+09 5.7479100693912422e-10 1.8041200252724496e-50 -3.2945632399826462e-34 8.2870344391258855e-12 3.1387408701464302e-41 -1.0230813137541431e-04
1.0028862527831766e+10 5.7038513278187835e-10 2.5724431477948765e-50 2.2579176504760697e-34 8.2852089141638005e-12 4.5100108680052284e-41 5.8945561266804523e-05
1.1248270930492479e+10 5.6600065237005031e-10 3.6599382538160392e-50 2.0390231769880799e-36 8.2834281217066823e-12 6.4663145501521041e-41 4.4799876538772002e-07
1.2615947080203569e+10 5.6163810040413651e-10 5.1599543504096719e-50 -5.5588504339589707e-35 8.2817024903044981e-12 9.1873296108236532e-41 -1.0326039415567819e-05
1.4149918837661606e+10 5.5727165247815990e-10 7.2506643151667441e-50 2.4425462825324370e-34 8.2796979975881849e-12 1.3011005104823462e-40 3.8425579539629881e-05
1.5870406069361860e+10 5.5292067302010608e-10 9.9521408721335508e-50 -5.5581549182837353e-34 8.2776571757568235e-12 1.7999220064921784e-40 -7.4927454044313577e-05
1.7800087173366528e+10 5.4859100100422350e-10 1.4326956319927027e-49 -1.2857153031870749e-33 8.2756599464727644e-12 2.6115915670692393e-40 -1.4502521069452657e-04
1.9964398011914742e+10 5.4428247673650012e-10 2.0069268947288134e-49 1.2811509522986173e-33 8.2737041888527317e-12 3.6872891935861710e-40 1.2258077169452190e-04
2.2391867191219254e+10 5.3999497792930489e-10 2.8903758053757669e-49 -1.0411397871001099e-33 8.2717888098900359e-12 5.3525975675910257e-40 -8.3336839548829955e-05
2.5114492107899490e+10 5.3572876572691490e-10 4.0488384410666136e-49 -8.3923473385774783e-34 8.2699191155965190e-12 7.5576274788471763e-40 -5.6983056819552582e-05
2.8168160718865074e+10 5.3148340806791950e-10 5.6851108492008193e-49 -2.0097846193057945e-33 8.2680963205711665e-12 1.0696685471081170e-39 -1.1562059344976884e-04
3.1593124594155891e+10 5.2723022223327484e-10 8.1137011768546701e-49 -2.7612781901841178e-33 8.2659178159500923e-12 1.5389294533394056e-39 -1.3350591562325722e-04
3.5434529488231117e+10 5.2299792505168495e-10 1.1424773679166304e-48 -1.2065494108758929e-33 8.2637778581376952e-12 2.1844778214057461e-39 -4.9359565289974091e-05
3.9743010423368599e+10 5.1878677482818324e-10 1.6034108135611187e-48 -1.6163404843004389e-33 8.2616810316311186e-12 3.0906933086182692e-39 -5.6042306185449163e-05
4.4575359129195923e+10 5.1459666912623941e-10 2.2584531719830817e-48 1.9396721756171449e-33 8.2596261377542775e-12 4.3887831140023263e-39 5.6896991809326391e-05
4.9995272636128014e+10 5.1042770463653806e-10 3.1843120242029532e-48 -4.0864315708842115e-34 8.2576158017163490e-12 6.2385172185557926e-39 -1.0136063044815356e-05
5.6074192890206749e+10 5.0627998265053251e-10 4.6376115334328376e-48 -9.0225804959506561e-33 8.2556525583495774e-12 9.1601716290529703e-39 -1.8620365579479316e-04
6.2892248456625893e+10 5.0214629065380168e-10 6.3063725125231999e-48 1.1473661331818740e-32 8.2536401442434466e-12 1.2558835203805273e-38 2.0389054507438426e-04
7.0539310724894470e+10 4.9801193833954140e-10 9.0513309150624114e-48 -2.3166174423180677e-33 8.2513545954340686e-12 1.8174927583545741e-38 -3.4504697439068676e-05
7.9116178537881439e+10 4.9389872510087801e-10 1.2799304337138262e-47 3.5656164787160441e-33 8.2491132414744991e-12 2.5914835748004868e-38 4.4845874042689084e-05
8.8735906859788727e+10 4.8980629577253440e-10 1.7966372546083955e-47 6.5940893855695658e-33 8.2469113928730438e-12 3.6680566789667239e-38 7.0293059752494063e-05
9.9525296996731674e+10 4.8573443093699465e-10 2.5109979092014221e-47 1.0902333182172157e-32 8.2447455935914859e-12 5.1694871709169155e-38 9.8718109553191144e-05
1.1162656801309251e+11 4.8168381945188065e-10 3.5708837052813156e-47 9.2177620603537700e-33 8.2426284422475154e-12 7.4133353894774962e-38 7.0284022838393062e-05
1.2519923137522272e+11 4.7765421201843333e-10 5.0634054920487654e-47 1.5932636861624343e-32 8.2405572537206687e-12 1.0600567030807134e-37 1.0244941850403500e-04
1.4042219353288791e+11 4.7363262901039914e-10 6.9990732049177737e-47 9.6929505143838686e-32 8.2383427973818088e-12 1.4777430388488081e-37 5.3237165056650108e-04
1.5749611415338251e+11 4.6961779666253054e-10 9.9154914179788687e-47 7.6501022364339540e-33 8.2359518315763174e-12 2.1113960093603916e-37 3.5451763572811699e-05
1.7664605109309717e+11 4.6562325443419943e-10 1.4189909047646740e-46 3.6027001810123843e-32 8.2335931658315051e-12 3.0475086698342763e-37 1.4015899813790318e-04
1.9812442697091736e+11 4.6164888699053229e-10 1.9606858518623332e-46 5.0011288449877993e-33 8.2312647945472336e-12 4.2471365297638938e-37 1.6622951569278514e-05
2.2221435644698810e+11 4.5769621370695843e-10 2.8012204264863197e-46 3.6512314168208993e-32 8.2289948490686867e-12 6.1202613056349438e-37 1.0197108902172165e-04
2.4923337806497449e+11 4.5376385945064208e-10 3.9495627265814731e-46 -5.6821518530768213e-32 8.2267596571550483e-12 8.7040046145655735e-37 -1.3422189823428322e-04
2.7953763984865369e+11 4.4985257359059947e-10 5.4680403449464318e-46 -6.2487280795073929e-32 8.2245743974859567e-12 1.2155182977618730e-36 -1.2599133172041591e-04
3.1352659382478210e+11 4.4594317372750034e-10 7.8827787098605508e-46 2.9009281961300875e-32 8.2221365780708240e-12 1.7676643963334731e-36 4.8928009900465847e-05
3.5164826135253400e+11 4.4204718294548169e-10 1.1193990649466567e-45 -9.2005769609616878e-32 8.2196187086119112e-12 2.5323067494465040e-36 -1.3079413768277533e-04
3.9440513866382544e+11 4.3817115490475969e-10 1.5765905932717381e-45 -5.9607890983903148e-32 8.2171282398028809e-12 3.5981158860501067e-36 -7.1717046932735209e-05
4.4236082045770197e+11 4.3431609265761691e-10 2.2700225496497357e-45 8.7767893793393314e-33 8.2146849646654388e-12 5.2266600018416902e-36 8.8392950392134884e-06
4.9614742885691309e+11 4.3048167710732302e-10 3.1089479799563658e-45 -1.9943566956380760e-31 8.2122836508307655e-12 7.2220216220289369e-36 -1.7239266062264952e-04
5.5647394565058545e+11 4.2666770346808084e-10 4.4190412492490515e-45 -1.0483203322376504e-31 8.2099207334159959e-12 1.0357102760133429e-35 -7.6345790490446540e-05
6.2413555765343652e+11 4.2287403050237043e-10 6.2212114864066263e-45 -7.4378088950077930e-32 8.2076009261871662e-12 1.4711736918476373e-35 -4.5856618393363876e-05
7.0002413836633569e+11 4.1907838954711720e-10 8.6785854011014471e-45 -8.1177946724948182e-32 8.2049415253150977e-12 2.0708739981749188e-35 -4.2566305572415487e-05
7.8514000410089050e+11 4.1530091593755804e-10 1.2322978632983530e-44 -1.1828304792767746e-31 8.2022779211544200e-12 2.9672408993281235e-35 -5.2285734675421083e-05
8.8060509953008105e+11 4.1154436023296512e-10 1.7425600170907091e-44 -2.1297380996885024e-31 8.1996620877665515e-12 4.2341972955340437e-35 -7.9528721438610025e-05
9.8767778646868787e+11 4.0780780829081513e-10 2.4490666253610721e-44 -2.3999951911889838e-31 8.1970772071793873e-12 6.0054431905693147e-35 -7.5942047661559133e-05
1.1077694308200676e+12 4.0409134199882035e-10 3.4533941999491055e-44 -2.4571135756755327e-31 8.1945248658718762e-12 8.5460732290551940e-35 -6.5775230864316026e-05
1.2424630063281482e+12 4.0039570531072117e-10 4.9062849447918254e-44 1.4170694192645392e-31 8.1920213383471756e-12 1.2253590335052109e-34 3.1972017131437746e-05
1.3935339603577866e+12 3.9671620078856878e-10 6.8659515512690846e-44 5.4483330832132512e-31 8.1894896951786670e-12 1.7306960334922940e-34 1.0439346549553250e-04
1.5629736167432983e+12 3.9303756060666523e-10 9.7366113361943029e-44 7.0384750839817308e-31 8.1866417698586692e-12 2.4772724828552143e-34 1.1377782634299019e-04
1.7530154241870222e+12 3.8937932925570378e-10 1.3709047576875662e-43 7.6759304320147123e-31 8.1838331995938791e-12 3.5207435389753284e-34 1.0506085766773235e-04
1.9661643961980732e+12 3.8574144010060538e-10 1.9466998070420387e-43 8.2058414913385476e-31 8.1810626496424179e-12 5.0466442146695963e-34 9.4694658453158735e-05
2.2052301306303320e+12 3.8212404631448522e-10 2.7389416788767386e-43 1.7049732693352334e-30 8.1783363644043329e-12 7.1676768454990404e-34 1.6665716821980190e-04
2.4733638440627954e+12 3.7852617570153648e-10 3.7986326717347264e-43 1.9655396582072377e-30 8.1756313506596179e-12 1.0035323619811973e-33 1.6391556791873181e-04
2.7740999091865679e+12 3.7494786822326599e-10 5.4384947849243913e-43 1.5668256678095130e-30 8.1729502295412623e-12 1.4504669170931230e-33 1.0972254563938992e-04
3.1114024427186309e+12 3.7138143390059507e-10 7.6090153124693080e-43 1.8672529169829601e-30 8.1701603587185675e-12 2.0488410614801915e-33 1.1107819736239728e-04
3.4897175579354355e+12 3.6782197541546308e-10 1.0879881371789280e-42 3.0912314902971352e-30 8.1671496057793108e-12 2.9579204340633027e-33 1.5452566193187292e-04
3.9140319705868882e+12 3.6428251562630636e-10 1.5267838166249612e-42 2.7455271983810642e-30 8.1641700883485140e-12 4.1912080627860522e-33 1.1641737778517552e-04
4.3899387306976187e+12 3.6076253062548074e-10 2.1366914791654930e-42 2.2336436611377920e-30 8.1612119364049692e-12 5.9227089782881627e-33 8.0451152287377552e-05
4.9237109466914629e+12 3.5726351837219668e-10 3.0063232033317836e-42 8.9484324584922122e-31 8.1583097618482387e-12 8.4148619960681232e-33 2.7304535613028252e-05
5.5223844736249473e+12 3.5378442231936531e-10 4.2740267936443410e-42 2.9233225872752783e-30 8.1554399795236159e-12 1.2080878987334630e-32 7.5177653976792955e-05
6.1938506554749062e+12 3.5032528695337699e-10 6.0226231556562923e-42 3.3460901197678634e-30 8.1526051891979182e-12 1.7191517084114492e-32 7.2846559577290185e-05
6.9469603439516709e+12 3.4687301171797605e-10 8.5551934269324910e-42 -8.4580680650617743e-31 8.1495526693845148e-12 2.4663762062550613e-32 -1.5526408335144970e-05
7.7916405649494648e+12 3.4343164576066108e-10 1.1990976278383499e-41 1.3857127320641387e-30 8.1463347240641618e-12 3.4915175774861643e-32 2.1593636179659169e-05
8.7390253704589688e+12 3.4001119223048402e-10 1.6918906145090441e-41 -1.8798817535283581e-30 8.1431725038224999e-12 4.9759850651097369e-32 -2.4785505765164125e-05
9.8016026007510605e+12 3.3661026680017076e-10 2.3822325669543204e-41 -3.2248115627896851e-31 8.1400338580687226e-12 7.0771239083106657e-32 -3.6012111370300260e-06
1.0993378491359564e+13 3.3322999653369194e-10 3.4055261106042364e-41 -1.1044376943933113e-29 8.1369462963159721e-12 1.0219746559520531e-31 -1.0367572216003243e-04
1.2330062294611543e+13 3.2986799511514931e-10 4.7586372423223398e-41 -2.1383214987691158e-30 8.1338523423484738e-12 1.4425883422431477e-31 -1.7067173850892972e-05
1.3829273349270402e+13 3.2652681311866945e-10 6.7836178735675117e-41 1.6413027089113998e-30 8.1308223027360937e-12 2.0775071452101993e-31 1.1028046116800766e-05
1.5510773327756805e+13 3.2318664390807743e-10 9.4886039350849382e-41 6.2297036976781043e-30 8.1274131431355801e-12 2.9359517523204766e-31 3.5574559321440104e-05
1.7396726722286137e+13 3.1986655691679121e-10 1.3322484117095846e-40 -5.8834207172582340e-30 8.1240472843340397e-12 4.1650131372006803e-31 -2.8500526442878126e-05
1.9511993003489645e+13 3.1656475089040886e-10 1.8867540827759028e-40 1.5136342048041283e-29 8.1206743147619056e-12 5.9600889785391041e-31 6.1934410250396961e-05
2.1884454302573418e+13 3.1328119561853374e-10 2.6328452261682205e-40 3.0009362843702110e-29 8.1172881405021088e-12 8.4040959463590013e-31 1.0449053337812084e-04
2.4545382936318680e+13 3.1001984759945019e-10 3.7470813838674370e-40 3.4362333360256386e-29 8.1139985961133606e-12 1.2086585465033569e-30 1.0081875606208721e-04
2.7529853619410488e+13 3.0677756858755083e-10 5.3067254857018323e-40 4.6763585879408408e-29 8.1107257020156037e-12 1.7298283932996730e-30 1.1589980204505196e-04
3.0877205797622715e+13 3.0355106460800282e-10 7.4828916993582229e-40 6.9568288681671702e-29 8.1073953439920488e-12 2.4651179230820407e-30 1.4596902602375243e-04
3.4631562196049242e+13 3.0032820972068807e-10 1.0494221376631754e-39 8.5531620403427558e-29 8.1037176859207854e-12 3.4942509684293776e-30 1.5235388232291906e-04
3.8842410417563320e+13 2.9712703487293608e-10 1.4992304794893994e-39 1.0848790386009994e-28 8.1001236394066971e-12 5.0457558671176893e-30 1.6254590474220438e-04
4.3565255257776023e+13 2.9394449963646638e-10 2.0923890407607269e-39 1.7131605274007820e-28 8.0965294232522616e-12 7.1183132984235902e-30 2.1844603789569929e-04
4.8862350334906000e+13 2.9078175045656326e-10 2.9410854880309484e-39 2.0573930680956606e-28 8.0929673705308507e-12 1.0114408773635488e-29 2.2247431324372530e-04
5.4803518678452711e+13 2.8763712959502342e-10 4.1581411586862666e-39 2.4056721537636486e-28 8.0893898284053932e-12 1.4456204470336256e-29 2.1997045535900500e-04
6.1467073093165266e+13 2.8451260259359621e-10 5.9086933714464763e-39 3.3593336911019376e-28 8.0858568052813695e-12 2.0767773791330356e-29 2.5909358772267994e-04
6.8940848429975156e+13 2.8140068496111768e-10 8.2615836736693829e-39 4.0539583270757047e-28 8.0821937163437440e-12 2.9358790206253125e-29 2.6587962160646618e-04
7.7323359370649672e+13 2.7829824927466106e-10 1.1765519778725012e-38 5.3053224327826820e-28 8.0782994730124959e-12 4.2276657540569938e-29 2.9319123791108330e-04
8.6725098987366641e+13 2.7521448282637387e-10 1.6690507530131591e-38 6.3252837395045537e-28 8.0744024734922131e-12 6.0645454987415130e-29 2.9512744507546239e-04
9.7269995194019594e+13 2.7214990005249640e-10 2.3351964019292670e-38 7.0996885865032626e-28 8.0705231134841208e-12 8.5805521202793714e-29 2.8162649080431195e-04
1.0909704428729284e+14 2.6910626554417010e-10 3.2926820338100080e-38 9.3884702000892598e-28 8.0667116830711973e-12 1.2235620107736063e-28 3.1539734300462983e-04
1.2236214310983447e+14 2.6608149042017683e-10 4.6422140368643595e-38 9.2011992585346605e-28 8.0629072515491013e-12 1.7446587620708633e-28 2.6180294240401274e-04
1.3724014398596812e+14 2.6307111284275624e-10 6.5976792731194636e-38 1.2991696728866267e-27 8.0589719314472535e-12 2.5079451718680534e-28 3.1184134377348628e-04
1.5392715951683481e+14 2.6007440802294384e-10 9.2348336068191726e-38 1.2112654308678600e-27 8.0549460371767532e-12 3.5508428826278337e-28 2.4715874202061361e-04
1.7264314761534803e+14 2.5709223540914428e-10 1.3064834657719763e-37 1.4634114450911785e-27 8.0507992324820578e-12 5.0817694423668584e-28 2.5250501501459177e-04
1.9363481085529319e+14 2.5412850967286667e-10 1.8417975139598285e-37 1.7990597442251984e-27 8.0466543804816766e-12 7.2475044863353927e-28 2.6296500066193344e-04
2.1717884835199738e+14 2.5118327061167907e-10 2.5779919453924950e-37 2.3049367711461440e-27 8.0424884164614862e-12 1.0263390309054396e-27 2.8643288861911106e-04
2.4358560303884803e+14 2.4825650223451458e-10 3.6841144878344070e-37 2.5244145810019122e-27 8.0383216752473967e-12 1.4839951641444710e-27 2.6396345546784034e-04
2.7320315241580278e+14 2.4535214248827127e-10 5.1785697187113137e-37 3.1397631508239446e-27 8.0342802740550578e-12 2.1106682282013772e-27 2.7854607747102922e-04
3.0642189669160819e+14 2.4245897100466454e-10 7.2607979820480510e-37 4.4986207824364948e-27 8.0300003153505970e-12 2.9946501678044175e-27 3.3905338114238710e-04
3.4367970479776475e+14 2.3958060791800516e-10 1.0248368401218188e-36 5.2402127031145197e-27 8.0256533724183541e-12 4.2776285152117249e-27 3.3442267771588527e-04
3.8546768610584581e+14 2.3671464367310336e-10 1.4527825825753665e-36 6.2512785213712415e-27 8.0210985761230837e-12 6.1372738079593451e-27 3.3709784349128297e-04
4.3233666392732900e+14 2.3386718129552820e-10 2.0372729318339311e-36 8.6913979830701304e-27 8.0165323247084811e-12 8.7112390911297395e-27 3.9818086780342627e-04
4.8490443612564481e+14 2.3104522719238731e-10 2.8910218167361238e-36 1.0131394129496237e-26 8.0122017852562887e-12 1.2512796095670137e-26 3.9200808589442070e-04
5.4386391854532306e+14 2.2823556959233791e-10 4.0523012029896007e-36 1.4034426737830466e-26 8.0076209788109042e-12 1.7754906521483935e-26 4.6147922468531814e-04
6.0999227859988362e+14 2.2544854479006108e-10 5.7331137372724720e-36 1.7829499469597571e-26 8.0031971614560206e-12 2.5429810348127014e-26 4.9592974156598287e-04
6.8416117941177550e+14 2.2267313041614723e-10 8.1472104039595986e-36 2.2130307806949935e-26 7.9985492440291640e-12 3.6588206168986435e-26 5.1957599871670849e-04
7.6734826953627762e+14 2.1991261095476734e-10 1.1517918367276999e-35 2.8449203942660759e-26 7.9938230387752638e-12 5.2374978939457261e-26 5.6527275403079832e-04
8.6065006971979212e+14 2.1716326160743560e-10 1.6249681956612611e-35 3.6126687201564188e-26 7.9887860307132275e-12 7.4827030301225812e-26 6.0815254469337031e-04
9.6529642655780350e+14 2.1443470612470613e-10 2.2804560829552551e-35 4.7555180296316558e-26 7.9838390129310018e-12 1.0634734107029477e-25 6.8004779619528627e-04
1.0826667235716796e+15 2.1172926060745090e-10 3.2108772574256925e-35 6.0186749903805210e-26 7.9790382996935863e-12 1.5165014264980148e-25 7.2995922176780125e-04
1.2143080633886968e+15 2.0904067267963667e-10 4.5396894982154125e-35 7.3760756534594590e-26 7.9741811090210210e-12 2.1716776166199347e-25 7.5717608864415270e-04
1.3619556606915355e+15 2.0637202984715540e-10 6.4065453677614903e-35 9.4084998778601380e-26 7.9693629871312846e-12 3.1043670852616739e-25 8.1824434536219802e-04
1.5275557147444895e+15 2.0371453520001134e-10 9.0593441150812136e-35 1.1782001954702522e-25 7.9643017422902252e-12 4.4470779201820591e-25 8.6728074313124697e-04
1.7132910629878700e+15 2.0107470097793108e-10 1.2710878695437217e-34 1.4632127947341761e-25 7.9592280044850487e-12 6.3214708929654448e-25 9.1525263367942618e-04
1.9216099538504212e+15 1.9844112173132763e-10 1.7972567028932919e-34 1.7904000877942556e-25 7.9536345111599687e-12 9.0568763531110471e-25 9.4804553642419413e-04
2.1552583180451465e+15 1.9583521270090849e-10 2.5318784991536754e-34 2.2071421680250241e-25 7.9484192258562613e-12 1.2928617199300695e-24 9.9120500377205168e-04
2.4173159637288045e+15 1.9323574512523563e-10 3.5759899040971739e-34 2.6742812794675054e-25 7.9426524515393509e-12 1.8505840634089637e-24 1.0173378650132601e-03
2.7112371726272650e+15 1.9067473102466815e-10 5.0414613974604169e-34 3.2699492879653505e-25 7.9377189981754985e-12 2.6440112805551502e-24 1.0546691025743076e-03
3.0408962322397360e+15 1.8813282988344133e-10 7.1375993393937643e-34 4.0634692431353288e-25 7.9327737565424838e-12 3.7939148333737926e-24 1.1088903393970126e-03
3.4106385042991900e+15 1.8558215432822647e-10 1.0060589340137430e-33 4.8940980323214032e-25 7.9267842741174527e-12 5.4210973983758988e-24 1.1326424837880768e-03
3.8253377026418530e+15 1.8305693918525468e-10 1.4196921910279908e-33 5.9777507117546877e-25 7.9210519272871745e-12 7.7554677650938660e-24 1.1725938305129316e-03
4.2904601354871660e+15 1.8054935828701463e-10 2.0000682751637811e-33 7.3084432465975167e-25 7.9152493878489554e-12 1.1077681439245685e-23 1.2161985845644992e-03
4.8121367589302230e+15 1.7805504053459273e-10 2.8243071231819185e-33 8.9149529158439409e-25 7.9091818882553774e-12 1.5861989161903053e-23 1.2571466917271070e-03
5.3972439914112190e+15 1.7557857782505965e-10 3.9865932674009873e-33 1.1013007690954353e-24 7.9030778789775257e-12 2.2705465078849707e-23 1.3163434432706459e-03
6.0534943544082470e+15 1.7314031281443710e-10 5.6142965519906584e-33 1.3433600133451017e-24 7.8978036294971381e-12 3.2426281671373514e-23 1.3625286519473134e-03
6.7895381341229670e+15 1.7070228130009664e-10 7.9114527238941924e-33 1.6616940947860923e-24 7.8918209833510684e-12 4.6346496740636788e-23 1.4298921940794067e-03
7.6150774042005730e+15 1.6828278491062470e-10 1.1161600608142307e-32 2.0530468755282221e-24 7.8857469332347876e-12 6.6326455282221848e-23 1.4980136854532624e-03
8.5409939124610090e+15 1.6588204536006669e-10 1.5734986839926772e-32 2.5371787850333735e-24 7.8797232291091171e-12 9.4856479529005765e-23 1.5704285733369385e-03
9.5794925173652540e+15 1.6348755040546211e-10 2.2208945116008405e-32 3.1853057989618234e-24 7.8730749567403415e-12 1.3584487051722567e-22 1.6716479631464142e-03
1.0744262064906964e+16 1.6112655165528824e-10 3.1303732761576603e-32 3.9888487820229222e-24 7.8671329198094266e-12 1.9428041151496463e-22 1.7760940216416075e-03
1.2050655826510244e+16 1.5877077103803878e-10 4.4205407831924900e-32 4.9897216705653406e-24 7.8605031924056553e-12 2.7842283276015606e-22 1.8834467382714971e-03
1.3515893876352758e+16 1.5643330728706148e-10 6.2503811735593179e-32 6.2032791894464136e-24 7.8539080758377761e-12 3.9955564974980773e-22 1.9838254736930781e-03
1.5159290075727954e+16 1.5411523365161250e-10 8.8355063661722448e-32 7.7705117478914184e-24 7.8473134792704427e-12 5.7330519227875174e-22 2.1057708756353926e-03
1.7002506656413338e+16 1.5181103464758324e-10 1.2448526605757203e-31 9.7327167451136354e-24 7.8404883253326337e-12 8.2000143366754774e-22 2.2388419617588437e-03
1.9069839758805320e+16 1.4952328757737895e-10 1.7592723418940896e-31 1.2159570699867455e-23 7.8335130928141778e-12 1.1765875205115848e-21 2.3708129238400157e-03
2.1388539688607636e+16 1.4725307139887283e-10 2.4830989062310618e-31 1.5169088039506224e-23 7.8264556421766143e-12 1.6862798735823646e-21 2.5085934362308509e-03
2.3989170113498812e+16 1.4500438700054431e-10 3.4927286061517695e-31 1.8940506419616047e-23 7.8195125869897753e-12 2.4087054732617562e-21 2.6614517385014137e-03
2.6906010934486924e+16 1.4277187413336261e-10 4.9251761216590827e-31 2.3601809580112496e-23 7.8124222120996515e-12 3.4496823352325660e-21 2.8145767077061854e-03
3.0177510142352504e+16 1.4055832947945716e-10 6.9656789150534217e-31 2.9411117643323405e-23 7.8053746265756641e-12 4.9557211876735253e-21 2.9723606896838572e-03
3.3846790615271640e+16 1.3835002076760242e-10 9.7982582187691377e-31 3.6434991739144851e-23 7.7975841756442771e-12 7.0822238872143391e-21 3.1293534701831169e-03
3.7962218537911960e+16 1.3614263004128687e-10 1.3811512099812118e-30 4.5207938600492693e-23 7.7886031877784577e-12 1.0144884152468343e-20 3.2968335586786631e-03
4.2578040934550232e+16 1.3400639683482549e-10 1.9486380333357433e-30 5.5861148092790821e-23 7.7828376038631106e-12 1.4541380705412211e-20 3.4568577202759533e-03
4.7755100719778688e+16 1.3183839339364562e-10 2.7491631512199241e-30 6.9022629965504252e-23 7.7738848888100602e-12 2.0852523156979163e-20 3.6255199153754883e-03
5.3561638692155976e+16 1.2972722684172513e-10 3.8825457234394802e-30 8.5165562669206472e-23 7.7673403299984696e-12 2.9928534032230685e-20 3.7948111100300050e-03
6.0074193042186832e+16 1.2760806459016825e-10 5.4823825672357688e-30 1.0485548593979828e-22 7.7591898417830981e-12 4.2962665289558565e-20 3.9643083518486428e-03
6.7378608231387968e+16 1.2549425247535322e-10 7.7434819983395330e-30 1.2895153615685395e-22 7.7504013487516307e-12 6.1703877632645652e-20 4.1366278886913257e-03
7.5571166540859808e+16 1.2341386573492626e-10 1.0926745293116521e-29 1.5861843299326694e-22 7.7420123032414661e-12 8.8537420232710851e-20 4.3194282792502169e-03
8.4759857204737104e+16 1.2136091981330063e-10 1.5423480599149086e-29 1.9515621857094671e-22 7.7343341736914978e-12 1.2708770354473483e-19 4.5107812757048645e-03
9.5065799857450320e+16 1.1927912145808805e-10 2.1764426811132306e-29 2.3982890167934620e-22 7.7235163129394418e-12 1.8246635744026523e-19 4.7070161207075252e-03
1.0662484105779862e+17 1.1724858150069629e-10 3.0671327028415366e-29 2.9519275857073824e-22 7.7147068636396248e-12 2.6159230786287358e-19 4.9224987848411495e-03
1.1958934493422706e+17 1.1526339043605867e-10 4.3289629018560220e-29 3.6333668698317582e-22 7.7078276078963725e-12 3.7557136619692576e-19 5.1436525518981152e-03
1.3413020155448576e+17 1.1328617264598705e-10 6.0924131689064566e-29 4.4830531634594357e-22 7.7002985685942328e-12 5.3778965487208286e-19 5.3962338606606802e-03
1.5043907949275744e+17 1.1132088337530979e-10 8.5999984747180159e-29 5.5236333859206618e-22 7.6921490520229747e-12 7.7254134300423960e-19 5.6453040407701983e-03
1.6873095228619901e+17 1.0933498693845747e-10 1.2122067846371638e-28 6.8152187654043271e-22 7.6812565694894346e-12 1.1087089490571681e-18 5.9198658753017146e-03
1.8924693208308416e+17 1.0731834966562989e-10 1.7098802878700932e-28 8.4104262352203453e-22 7.6670705713574947e-12 1.5932785895399439e-18 6.2086640457350078e-03
2.1225744783394336e+17 1.0545507245296302e-10 2.4176211648780385e-28 1.0393640240290300e-21 7.6619015559575292e-12 2.2925603374426485e-18 6.5093828986285450e-03
2.3806580991865002e+17 1.0354848533023844e-10 3.4073864531843113e-28 1.2879514271019811e-21 7.6524811222349848e-12 3.2906193097054213e-18 6.8567278642074382e-03
2.6701220819616163e+17 1.0167248196724319e-10 4.8219354163764079e-28 1.5932435367664387e-21 7.6443507620870732e-12 4.7426160186882600e-18 7.1956454791623752e-03
2.9947819617673574e+17 9.9784692743037717e-11 6.7908316666369970e-28 1.9764895573087339e-21 7.6330217948079116e-12 6.8054843683534958e-18 7.5927845965069740e-03
3.3589172042418976e+17 9.7926177327819976e-11 9.5980632587590469e-28 2.4473807285585254e-21 7.6229488468294778e-12 9.8013253663811925e-18 7.9828934226827651e-03
3.7673276148270886e+17 9.6036576999935900e-11 1.3529480501088049e-27 3.0324300420839591e-21 7.6087193579910001e-12 1.4087841241048273e-17 8.4126320424306213e-03
4.2253966068336128e+17 9.4206956965155247e-11 1.9082111752209892e-27 3.7558273666187263e-21 7.5978022470339948e-12 2.0255522911400139e-17 8.8583108626773596e-03
4.7391621622640486e+17 9.2400405063478790e-11 2.6944131094461502e-27 4.6491321780453430e-21 7.5872021565334799e-12 2.9160187204754100e-17 9.3175743022866752e-03
5.3153964207553664e+17 9.0657514384615992e-11 3.7974563015910284e-27 5.7551495653912832e-21 7.5800260646893077e-12 4.1887937556728698e-17 9.8086292293670611e-03
5.9616949457330650e+17 8.8885710837839734e-11 5.3427206812148031e-27 7.1131037316622571e-21 7.5690704115976982e-12 6.0107756700758044e-17 1.0321954309218933e-02
6.6865768444281626e+17 8.7087732089936055e-11 7.5308584863690129e-27 8.7852416826696133e-21 7.5543082846366967e-12 8.6474389740587641e-17 1.0848082506262489e-02
7.4995970614771520e+17 8.5387402078728260e-11 1.0644465969503436e-26 1.0853049898005310e-20 7.5459801143690128e-12 1.2466084820907308e-16 1.1383949503329745e-02
8.4114723262896614e+17 8.3606976226183512e-11 1.5018647784999826e-26 1.3379869458591016e-20 7.5291733500346041e-12 1.7963390691668593e-16 1.1940298984315928e-02
9.4342224143440883e+17 8.1941817042321868e-11 2.1126926557105745e-26 1.6475551491095249e-20 7.5204962316687543e-12 2.5782838750322021e-16 1.2521864629333034e-02
1.0581328584430200e+18 8.0224659615927915e-11 2.9912957815566663e-26 2.0294512796422684e-20 7.5056937424733292e-12 3.7286487669469269e-16 1.3100715305727416e-02
1.1867911280260393e+18 7.8573831886239991e-11 4.2155587306138859e-26 2.4950961180122107e-20 7.4947242524593144e-12 5.3650924607027101e-16 1.3709472405232006e-02
1.3310929438802266e+18 7.6941290845905942e-11 5.9497446746204331e-26 3.0671322066858076e-20 7.4841115642130032e-12 7.7328370881329123e-16 1.4335194762330326e-02
1.4929404032491666e+18 7.5273447675598920e-11 8.4097559719803677e-26 3.7669889775217196e-20 7.4679219163610431e-12 1.1172274197168882e-15 1.4972066535075582e-02
1.6744668791921267e+18 7.3663288597162899e-11 1.1850070954128961e-25 4.6249492947177363e-20 7.4554905423598114e-12 1.6086806847482153e-15 1.5653842095034978e-02
1.8780651413876093e+18 7.2048822642685322e-11 1.6702678312801889e-25 5.6757172234392631e-20 7.4407586461676035e-12 2.3182444487172439e-15 1.6361165857673835e-02
2.1064188961426222e+18 7.0464518288657527e-11 2.3535022926354780e-25 6.9670003202711129e-20 7.4268301029499145e-12 3.3399820928234554e-15 1.7108158847231512e-02
2.3625381613485583e+18 6.8909789493320396e-11 3.3275653610144149e-25 8.5515142015846779e-20 7.4140806692366379e-12 4.8288717546248607e-15 1.7858264962881797e-02
2.6497989426744617e+18 6.7293516980843637e-11 4.6811067079013195e-25 1.0485537102114522e-19 7.3928945454907301e-12 6.9562521293601760e-15 1.8682276587264651e-02
2.9719877339847055e+18 6.5787952221893687e-11 6.5983025851062715e-25 1.2876141833162615e-19 7.3812799485901613e-12 1.0029651877369645e-14 1.9543234983977562e-02
3.3333514285580564e+18 6.4261496458064464e-11 9.2898575638315265e-25 1.5807157821005820e-19 7.3648721720194032e-12 1.4456335559962775e-14 2.0458502634950668e-02
3.7386532990069258e+18 6.2767720415787798e-11 1.3104328813463179e-24 1.9413084111497636e-19 7.3495137311607317e-12 2.0877496787611247e-14 2.1405184085178372e-02
4.1932357837894636e+18 6.1304525015214998e-11 1.8503494192267755e-24 2.3853115804098492e-19 7.3361399492355303e-12 3.0182917472527300e-14 2.2396078270898505e-02
4.7030909079274486e+18 5.9799963399839864e-11 2.6088683698355167e-24 2.9288323942226493e-19 7.3151556228388772e-12 4.3626588069824624e-14 2.3448657143979090e-02
5.2749392661723034e+18 5.8350048231667582e-11 3.6853742370863000e-24 3.5986598133124691e-19 7.2983977630283459e-12 6.3159746200277358e-14 2.4540272823343624e-02
5.9163186097264435e+18 5.6901054540948306e-11 5.2134734656123563e-24 4.4204795902314760e-19 7.2792323608106892e-12 9.1623494637696950e-14 2.5665258828192899e-02
6.6356832042153196e+18 5.5545926565349429e-11 7.3489479148179859e-24 5.4388588036280596e-19 7.2685609271990912e-12 1.3230399363616743e-13 2.6919630340833802e-02
7.4425152685854474e+18 5.4095232902554925e-11 1.0376765339904345e-23 6.6756078711248871e-19 7.2442932758925060e-12 1.9182402557716427e-13 2.8176063846416698e-02
8.3474499638470318e+18 5.2708619961537914e-11 1.4632732654945721e-23 8.1990094011860990e-19 7.2246759954983038e-12 2.7761555255325092e-13 2.9522820272598116e-02
9.3624155791855043e+18 5.1358592500450028e-11 2.0600035008415330e-23 1.0070601820099209e-18 7.2070780310393508e-12 4.0110201634179439e-13 3.0960993554840610e-02
1.0500790763288127e+19 5.0008344740655696e-11 2.9128296907070568e-23 1.2355389710601428e-18 7.1870656185100224e-12 5.8246872713171271e-13 3.2372606038033956e-02
1.1777580873412803e+19 4.8665345528991798e-11 4.1017335530563203e-23 1.5148908280422890e-18 7.1649194910434384e-12 8.4284484338230059e-13 3.3906870520231377e-02
1.3209615766721952e+19 4.7354044974108380e-11 5.7730188903512692e-23 1.8567116245061063e-18 7.1446760264325649e-12 1.2191184287426189e-12 3.5511124587590377e-02
1.4815771641045490e+19 4.6046596241264821e-11 8.1527894958037084e-23 2.2728182778479974e-18 7.1217710827601804e-12 1.7705520410394898e-12 3.7094782791937973e-02
1.6617219849240158e+19 4.4784896673679060e-11 1.1478220043015930e-22 2.7819381628302787e-18 7.1021131269372789e-12 2.5629667355540601e-12 3.8801133324133465e-02
1.8637705966862189e+19 4.3509218352414433e-11 1.6221745843101878e-22 3.3992673164539834e-18 7.0770103182799041e-12 3.7283468785049349e-12 4.0461863591543169e-02
2.0903862791650673e+19 4.2257821925331260e-11 2.2918229278225690e-22 4.1505647007443285e-18 7.0528779054434912e-12 5.4234289023692361e-12 4.2175778131265433e-02
2.3445561400587182e+19 4.1021812272523451e-11 3.2365462982140366e-22 5.0633316738753211e-18 7.0274132479018985e-12 7.8898179258558755e-12 4.3942832082478157e-02
2.6296304891948491e+19 3.9821818318863767e-11 4.5681265534924907e-22 6.1744719005479532e-18 7.0039662625576974e-12 1.1471416289587527e-11 4.5779412163593498e-02
2.9493670002416574e+19 3.8584521399678605e-11 6.4587588526320010e-22 7.5143865813684389e-18 6.9713244686177086e-12 1.6739248326085720e-11 4.7600601433358751e-02
3.3079802420369318e+19 3.7443154591082664e-11 9.1304540129232094e-22 9.1576000349089791e-18 6.9504992101560758e-12 2.4384841801964632e-11 4.9527826457827766e-02
3.7101972324265247e+19 3.6286135169371179e-11 1.2828151526578979e-21 1.1141989028851852e-17 6.9241518749324357e-12 3.5352763434981641e-11 5.1642865141450056e-02
4.1613197468885484e+19 3.5169204425065310e-11 1.8080253898362693e-21 1.3560226135498924e-17 6.9006996341582643e-12 5.1409334367959977e-11 5.3775368801687103e-02
4.6672942032570237e+19 3.3978282036834888e-11 2.5552577827403091e-21 1.6461918357283455e-17 6.8581381993774140e-12 7.5202677397817365e-11 5.5867903609262498e-02
5.2347900437221663e+19 3.2937546541526451e-11 3.6014485661581419e-21 2.0045868936773110e-17 6.8412581479588268e-12 1.0934173743705468e-10 5.8202368062975643e-02
5.8712876472903279e+19 3.1825990243551971e-11 5.0929935424370343e-21 2.4352623479801806e-17 6.8063632115070423e-12 1.6002623964399270e-10 6.0487861228675513e-02
6.5851769315112534e+19 3.0742024325007257e-11 7.2092406173589856e-21 2.9586338475938847e-17 6.7708857281881904e-12 2.3450767390760179e-10 6.2846374641592498e-02
7.3858679431795933e+19 2.9644795328538222e-11 1.0078385064171691e-20 3.5862642667388941e-17 6.7289283263337188e-12 3.3997148400087435e-10 6.5610385139941801e-02
8.2839148957488775e+19 2.8609742918353240e-11 1.4278014120439565e-20 4.3567069568468534e-17 6.6959225321142673e-12 4.9906125175821036e-10 6.8165946275819109e-02
9.2911552884423803e+19 2.7584337716051837e-11 2.0295176906671564e-20 5.2899595144645689e-17 6.6580427309569369e-12 7.3575001512286624e-10 7.0700851933045650e-02
1.0420865940842922e+20 2.6569542040046763e-11 2.8567384552460852e-20 6.4161745925959566e-17 6.6181426952588651e-12 1.0751929588657344e-09 7.3645955003088709e-02
1.1687937999712993e+20 2.5587362418913095e-11 4.0287746983667430e-20 7.7849878187866355e-17 6.5795345389267142e-12 1.5745173832553633e-09 7.6675865450766087e-02
1.3109073224876843e+20 2.4624060185072304e-11 5.7058885647017453e-20 9.4384890781053437e-17 6.5404182211946056e-12 2.3172005382520563e-09 7.9627119006813490e-02
1.4703004141483537e+20 2.3672513317786885e-11 8.0347412416810948e-20 1.1432772571714543e-16 6.4984642849426946e-12 3.3941225870482924e-09 8.2897881503103385e-02
1.6490740960561915e+20 2.2735279402362996e-11 1.1341047279868731e-19 1.3830484343018111e-16 6.4534074631164134e-12 4.9883034303582883e-09 8.6131232330616994e-02
1.8495848522621393e+20 2.1816086153913058e-11 1.5983928073077181e-19 1.6719719732826079e-16 6.4076559728448555e-12 7.3266707159117241e-09 8.9536232235457563e-02
2.0744756914797792e+20 2.0931549971554275e-11 2.2436287978507927e-19 2.0216918352695405e-16 6.3641934322744785e-12 1.0718885017357329e-08 9.3290787666220787e-02
2.3267109855907201e+20 2.0063850177063515e-11 3.1918816405176946e-19 2.4380580958995752e-16 6.3180209945588095e-12 1.5908619539973152e-08 9.6341526362257013e-02
2.6096155441604067e+20 1.9217769495107244e-11 4.5247242106637997e-19 2.9383458523462266e-16 6.2739195865627076e-12 2.3544481087066269e-08 9.9644966517857800e-02
2.9269184400204657e+20 1.8354684389879900e-11 6.3540768239596547e-19 3.5328047000291805e-16 6.2129896725038007e-12 3.4618283098868366e-08 1.0344748538130676e-01
3.2828021635991542e+20 1.7537376753977997e-11 8.9978446997364406e-19 4.2448974332118174e-16 6.1615798239726946e-12 5.1306671255984747e-08 1.0686011533383459e-01
3.6819577539222215e+20 1.6721702166961759e-11 1.2834930597198891e-18 5.0850880049766343e-16 6.0999983415306998e-12 7.6756118987684774e-08 1.0976439024399499e-01
