# k_modes P_R(k) P_S(k) P_RS(k) 
2.3427593871348421e-06 5.2974174804842576e-10 3.2623798831505883e-68 1.6152258656631366e-39
2.5939803044519473e-06 5.4706271599862224e-10 3.0609774698234793e-68 1.8145026596025819e-39
2.8721403729444679e-06 5.6734959397571596e-10 2.8789714355795172e-68 1.9941827268158470e-39
3.1801283563101168e-06 5.9027940747065365e-10 2.7105349731309575e-68 2.1550852936857612e-39
3.5211427887975377e-06 6.1556178248358948e-10 2.5158110007519101e-68 2.2815002745314827e-39
3.8987251928053441e-06 6.4293491703211719e-10 2.4053101095685988e-68 2.4251872377570694e-39
4.3167968585011065e-06 6.7216590305339878e-10 2.2473936574968352e-68 2.5262256164113736e-39
4.7796995674261304e-06 7.0304823773189473e-10 2.1382914677205123e-68 2.6362170043572411e-39
5.2922406830109778e-06 7.3539946311860516e-10 2.0164313784410767e-68 2.7220470021121483e-39
5.8597430762784764e-06 7.6906252935961417e-10 1.9077897066394981e-68 2.8006671153357957e-39
6.4881004052253390e-06 8.0389872556041920e-10 1.8041959637587800e-68 2.8680227641655238e-39
7.1838383219729877e-06 8.3979022892603144e-10 1.7058404656654661e-68 2.9252629056676951e-39
7.9541822433395722e-06 8.7663844496621069e-10 1.6158667729837428e-68 2.9763100612277347e-39
8.8071323886479371e-06 9.1435805613557500e-10 1.5192595039621633e-68 3.0079704150886324e-39
9.7515468640564517e-06 9.5288441254251717e-10 1.4502073727848523e-68 3.0549886109882495e-39
1.0797233656264791e-05 9.9216398380790854e-10 1.3642874426165228e-68 3.0730360870133875e-39
1.1955052490972907e-05 1.0321601835750286e-09 1.3101767912743293e-68 3.1167042862539603e-39
1.3237027613919452e-05 1.0728448127906230e-09 1.2430969087702458e-68 3.1361099372680291e-39
1.4656472665759639e-05 1.1141999448615114e-09 1.1820434497314422e-68 3.1538436076985333e-39
1.6228128947640239e-05 1.1562188114843450e-09 1.1265542880113381e-68 3.1705495765016598e-39
1.7968318513395165e-05 1.1989061421259817e-09 1.0725937964714905e-68 3.1814676339229624e-39
1.9895113678263351e-05 1.2422707930070781e-09 1.0172937179626625e-68 3.1824287088368462e-39
2.2028524704520714e-05 1.2863258478884786e-09 9.6980564862956887e-69 3.1880769625026013e-39
2.4390707613189044e-05 1.3310196879386029e-09 9.3474822472407539e-69 3.2080620243806503e-39
2.7006194280000543e-05 1.3764122124673701e-09 8.8509096284371678e-69 3.1967256146380843e-39
2.9902147205223081e-05 1.4225269022134252e-09 8.5743501073283609e-69 3.2193402315827419e-39
3.3108641603196396e-05 1.4693873432540983e-09 8.2161012647113748e-69 3.2220109913967055e-39
3.6658977741151457e-05 1.5170177638962417e-09 7.8962203202215437e-69 3.2272664934510771e-39
4.0590026771031771e-05 1.5654319666563287e-09 7.5976275343595498e-69 3.2323767262088756e-39
4.4942613645868851e-05 1.6146332763001030e-09 7.2985032993087211e-69 3.2329842613432904e-39
4.9761941097396667e-05 1.6646224328633277e-09 7.0253110631282395e-69 3.2350849541637361e-39
5.5098059078021358e-05 1.7153970939924877e-09 6.7670182171975991e-69 3.2366394528113419e-39
6.1006384542422073e-05 1.7669516452492160e-09 6.4159396147502927e-69 3.2111253706048165e-39
6.7548276966846807e-05 1.8192682735883378e-09 6.3136745532160197e-69 3.2441294648528279e-39
7.4791675583020810e-05 1.8723159042783141e-09 6.0397055905962687e-69 3.2299858573193787e-39
8.2811804944503715e-05 1.9260440394912574e-09 5.9231866217038856e-69 3.2547389137836850e-39
9.1691956152983761e-05 1.9803910142036245e-09 5.7329469071593386e-69 3.2567592783237917e-39
1.0152435185774445e-04 2.0352911969611310e-09 5.5625134034120751e-69 3.2614041136754450e-39
1.1241110401154519e-04 2.0906728495600002e-09 5.3720840084362788e-69 3.2570761391711842e-39
1.2446527432945651e-04 2.1464542838688778e-09 5.2521266867750000e-69 3.2713471501164545e-39
1.3781204846378701e-04 2.2025325741571135e-09 5.1144491388810977e-69 3.2777390464706470e-39
1.5259003608920988e-04 2.2587950647303879e-09 4.9183215942187650e-69 3.2621975437890119e-39
1.6895271039980701e-04 2.3151294018499256e-09 4.6811049186040925e-69 3.2285791918024070e-39
1.8707000196757645e-04 2.3714325605047251e-09 4.7415606893226444e-69 3.2948897889293816e-39
2.0713006351503311e-04 2.4275955965071459e-09 4.6361639336970374e-69 3.3022435415095865e-39
2.2934122392951999e-04 2.4834909884568802e-09 4.4469201650551719e-69 3.2765234034706162e-39
2.5393415181216710e-04 2.5389670573410992e-09 4.4367712551284430e-69 3.3141477499928028e-39
2.8116425103051336e-04 2.5938532939230687e-09 4.3022363038514853e-69 3.3032114626714901e-39
3.1131431315321661e-04 2.6479725453239872e-09 4.1915575471766666e-69 3.2985204416494751e-39
3.4469745431307071e-04 2.7011516539190747e-09 4.1330435093198172e-69 3.3120429721530106e-39
3.8166036699840001e-04 2.7531973019406091e-09 4.1100021705735781e-69 3.3380572078219604e-39
4.2258692054352619e-04 2.8038796110080153e-09 4.0338174376909007e-69 3.3405489066968958e-39
4.6790214771032067e-04 2.8529095639770860e-09 3.9703556670210691e-69 3.3459978144181155e-39
5.1807665876251558e-04 2.8999879548754441e-09 3.8191185640649518e-69 3.3112862069875343e-39
5.7363152887406966e-04 2.9448754046528434e-09 3.8446615148576447e-69 3.3503829768242958e-39
6.3514370962857651e-04 2.9874740688956911e-09 3.7806345422654850e-69 3.3484748553314628e-39
7.0325202080953023e-04 3.0278323854225587e-09 3.7259451802383923e-69 3.3484543495435795e-39
7.7866378470771902e-04 3.0660141578206502e-09 3.6360282069710996e-69 3.3302559712076346e-39
8.6216217184474316e-04 3.1019364274462992e-09 3.6160883916440562e-69 3.3419638184092860e-39
9.5461433439987195e-04 3.1353670330937141e-09 3.4509837631327530e-69 3.2835651913972862e-39
1.0569804118079702e-03 3.1659711134240725e-09 3.4490915400998230e-69 3.2997296265118324e-39
1.1703235020539358e-03 3.1934108659271579e-09 3.4702120493328043e-69 3.3250716938348613e-39
1.2958207022181090e-03 3.2175000135986608e-09 3.4242908957200530e-69 3.3162353846101808e-39
1.4347753329315329e-03 3.2382349177747078e-09 3.3738852050062446e-69 3.3029990279016472e-39
1.5886304736951922e-03 3.2556822564620127e-09 3.3275690196475499e-69 3.2896275039480703e-39
1.7589839496309789e-03 3.2698162578811269e-09 3.2852096802092189e-69 3.2761594344462464e-39
1.9476049253056465e-03 3.2804805295528525e-09 3.2824489345373817e-69 3.2804822608182918e-39
2.1564522779588687e-03 3.2875493830340373e-09 3.1915559867056372e-69 3.2385129509544293e-39
2.3876949409460950e-03 3.2910569464998426e-09 3.1460909662369159e-69 3.2172974512313856e-39
2.6437344286680859e-03 3.2910590673765692e-09 3.1014052878525383e-69 3.1945314104751945e-39
2.9272297769142707e-03 3.2875185971710156e-09 3.0149478305009821e-69 3.1481118208624066e-39
3.2411251576318395e-03 3.2804529083654606e-09 3.0083425076218663e-69 3.1413603863220816e-39
3.5886804549069983e-03 3.2699380192849692e-09 2.9609205324626484e-69 3.1115543980888236e-39
3.9735051196978146e-03 3.2559727712545406e-09 2.9147404287081138e-69 3.0806227506454512e-39
4.3995956549087332e-03 3.2386229712138225e-09 2.8698617549409860e-69 3.0486706104133667e-39
4.8713771200989131e-03 3.2181034117430974e-09 2.8014884231266090e-69 3.0025779109220228e-39
5.3937490868613590e-03 3.1945526114835672e-09 2.7747008111986797e-69 2.9772279493540063e-39
5.9721365221313471e-03 3.1681078353013726e-09 2.7266856787207775e-69 2.9391056503967158e-39
6.6125461278602991e-03 3.1389048350746184e-09 2.6796580608675996e-69 2.9001813576100367e-39
7.3216287221570921e-03 3.1070906286613579e-09 2.6315336918238182e-69 2.8594129318519385e-39
8.1067483097409729e-03 3.0728442518588618e-09 2.5835018495259055e-69 2.8175377204927963e-39
8.9760585590204396e-03 3.0363827286534155e-09 2.4949659523900791e-69 2.7523645068156262e-39
9.9385874800322418e-03 2.9979394038330192e-09 2.4853074481810567e-69 2.7295925853613572e-39
1.1004331182642489e-02 2.9577366710751007e-09 2.4374156764173554e-69 2.6849877093152307e-39
1.2184357688713024e-02 2.9159758767329389e-09 2.3484566703501448e-69 2.6168716414735546e-39
1.3490921876348923e-02 2.8728500343378575e-09 2.3196865663268676e-69 2.5814940042441096e-39
1.4937592749952688e-02 2.8285402505118212e-09 2.2959094500989302e-69 2.5483420618692518e-39
1.6539394357817264e-02 2.7832666448633964e-09 2.1951525655926541e-69 2.4717529486441136e-39
1.8312961820723374e-02 2.7372859566049459e-09 2.1513730031824489e-69 2.4266342656795099e-39
2.0276714091937924e-02 2.6908598834792170e-09 2.1602054675770493e-69 2.4108080634522376e-39
2.2451045242770758e-02 2.6442318298583285e-09 2.1181442401785593e-69 2.3662940757995236e-39
2.4858536260239074e-02 2.5976408553248730e-09 2.4284849868184538e-69 2.5110382494214325e-39
2.7524189556412740e-02 2.5513408776508548e-09 2.0342894279090712e-69 2.2772877457932239e-39
3.0475688624880211e-02 2.5056052416653994e-09 1.9978336820335780e-69 2.2359472150058409e-39
3.3743685540934064e-02 2.4607047661069583e-09 1.9610126526971125e-69 2.1945648831172398e-39
3.7362119291239421e-02 2.4169127747638211e-09 1.9262341310380426e-69 2.1545378989714868e-39
4.1368568238920392e-02 2.3745312453169451e-09 1.8949196763760770e-69 2.1167023897727239e-39
4.5804640384505477e-02 2.3338765845984152e-09 1.8650944906076717e-69 2.0799715567484114e-39
5.0716405475690778e-02 2.2952776126398211e-09 1.8261921561862673e-69 2.0384721165440962e-39
5.6154873453493390e-02 2.2590972424230332e-09 1.7912645908989325e-69 1.9993893374698141e-39
6.2176524203579837e-02 2.2257182976020831e-09 1.7925401823034391e-69 1.9805379725041423e-39
6.8843894114373624e-02 2.1955584815286245e-09 1.7758076866899182e-69 1.9516284432431661e-39
7.6226225533498226e-02 2.1690578292339530e-09 1.7597722722366402e-69 1.9228341667189174e-39
8.4400185867327338e-02 2.1466777728569839e-09 1.7494820429513845e-69 1.8965600350225543e-39
9.3450663791675867e-02 2.1288899947736207e-09 1.7404927390696838e-69 1.8699137300787394e-39
1.0347165084248390e-01 2.1161749421982079e-09 1.7377390470562828e-69 1.8448624166227966e-39
1.1456721754203926e-01 2.1089833931206546e-09 1.7368165021621801e-69 1.8182148264599459e-39
1.2685259419805983e-01 2.1077017902238247e-09 1.7414662453913435e-69 1.7907271999957343e-39
1.4045536760001182e-01 2.1126059873398454e-09 1.7473870691133929e-69 1.7588902816702501e-39
1.5551680604066145e-01 2.1237927369837504e-09 1.7655159037949130e-69 1.7259023862780928e-39
1.7219332642355156e-01 2.1411000890415427e-09 1.7831560504862575e-69 1.6834209746939215e-39
1.9065811869268551e-01 2.1639981660906310e-09 1.8119231892194088e-69 1.6339495814984011e-39
2.1110294445454392e-01 2.1914942345729988e-09 1.8471835663102122e-69 1.5714718595300180e-39
2.3374012847158102e-01 2.2220275440217780e-09 1.9043194405854517e-69 1.4983017644250108e-39
2.5880476370937333e-01 2.2533804113563714e-09 1.9660110571190868e-69 1.4002462156114010e-39
2.8655715283740091e-01 2.2826475252047911e-09 1.9982140811806982e-69 1.2583344166208810e-39
3.1728551153907342e-01 2.3062787752486121e-09 2.1957298188006209e-69 1.1395172105585025e-39
3.5130896170556941e-01 2.3202579624039432e-09 2.3835888150425897e-69 9.6331198572816345e-40
3.8898084559857515e-01 2.3203744035584107e-09 2.6395810971550575e-69 7.4453644332253093e-40
4.3069239540035298e-01 2.3027771877356012e-09 2.7879565789805143e-69 4.0875479553174917e-40
4.7687679626035928e-01 2.2645916619539775e-09 9.6457282561262872e-67 -2.7693389361303879e-38
5.2801368503419321e-01 2.2046518579847674e-09 4.2778704676292538e-69 -2.2120195526162934e-40
5.8463413143543419e-01 2.1241747262060756e-09 5.3952189931536270e-69 -7.2950067898131900e-40
6.4732615333091437e-01 2.0271847393938586e-09 6.8629180737641666e-69 -1.2496380772182261e-39
7.1674082345716639e-01 1.9204816948814271e-09 9.0815952504357289e-69 -1.9036020422932733e-39
7.9359903097788742e-01 1.8130029298316967e-09 1.2266104602645730e-68 -2.6942129783710141e-39
8.7869896810290982e-01 1.7145532670683662e-09 1.6858569995716074e-68 -3.6353281513929358e-39
9.7292441951914677e-01 1.6341184752604153e-09 2.3417687791508427e-68 -4.7759268685490368e-39
1.0772539407213786e+00 1.5781769034648746e-09 3.2742195686306847e-68 -6.1223669347077334e-39
1.1927710205622011e+00 1.5495522678201957e-09 4.6012999571034107e-68 -7.7182358612594981e-39
1.3206753335618224e+00 1.5472124332967039e-09 6.4652127198021222e-68 -9.5849593163970882e-39
1.4622951988358397e+00 1.5670881123473703e-09 9.0696370810096209e-68 -1.1755539678902205e-38
1.6191013750301493e+00 1.6035784863137522e-09 1.2444761217405544e-67 -1.4114968079429022e-38
1.7927223345269385e+00 1.6511071466931675e-09 1.7570038730108443e-67 -1.7010112265278922e-38
1.9849611755483014e+00 1.7051768184887121e-09 2.4254654996154953e-67 -2.0124062930267852e-38
2.1978143477940146e+00 1.7627255022501424e-09 3.3166509895988239e-67 -2.3523519869304331e-38
2.4334923860840512e+00 1.8219173981780206e-09 4.4708833914789269e-67 -2.7099980558605729e-38
2.6944428673299687e+00 1.8817572913967441e-09 6.0307889189428348e-67 -3.1086647846131563e-38
2.9833758292492911e+00 1.9417471315226489e-09 7.9964547362275009e-67 -3.5107858944752343e-38
3.3032919148027022e+00 2.0016790118215104e-09 1.0447780195666215e-66 -3.9179560943891675e-38
3.6575135346412697e+00 2.0615114290881573e-09 1.3438248304348750e-66 -4.3098370947571625e-38
4.0497193711937118e+00 2.1212761740332947e-09 1.6962040376611628e-66 -4.6640775929825252e-38
4.4839825827275135e+00 2.1809982986370219e-09 2.0923456299910980e-66 -4.9527777266946623e-38
4.9648131041428538e+00 2.2405855688514865e-09 2.5166343235173675e-66 -5.1735023779740500e-38
5.4972044838039720e+00 2.2997384257861124e-09 2.9197411107662677e-66 -5.2392040799899069e-38
6.0866857428204586e+00 2.3578183978783210e-09 3.2488059758997463e-66 -5.1461574318206496e-38
6.7393787953504383e+00 2.4137304295561607e-09 3.4173184214346374e-66 -4.8697938962947187e-38
7.4620620262502140e+00 2.4658066876305702e-09 3.2830128316413794e-66 -4.2908568971992569e-38
8.2622406863405775e+00 2.5117259085399796e-09 2.8436513272906127e-66 -3.6605586093419103e-38
9.1482248363627772e+00 2.5485248499545312e-09 2.0207410500897587e-66 -2.7400723998906272e-38
1.0129215649091897e+01 2.5727421260595917e-09 9.3358709364048124e-67 -1.7483956136725650e-38
1.1215400965877560e+01 2.5807614509911755e-09 8.5240098346037793e-68 -8.4896466275380296e-39
1.2418061099990917e+01 2.5693491541903367e-09 5.3141032863470055e-67 -4.3429633666997298e-39
1.3749685985572913e+01 2.5362926678700098e-09 4.1076154523640413e-66 -8.5419597945657827e-39
1.5224104888805746e+01 2.4810323606419404e-09 1.4166806304845102e-65 -2.3345810128948105e-38
1.6856630028391272e+01 2.4050056829248920e-09 3.5254732798558710e-65 -5.6466054842061502e-38
1.8664215596871927e+01 2.3115963757371968e-09 7.4237638409390886e-65 -1.1329943035565052e-37
2.0665633834271361e+01 2.2056318582767392e-09 1.4072260529769972e-64 -1.9843731006856595e-37
2.2881669982624757e+01 2.0926131021745822e-09 2.4645945027261778e-64 -3.1637744768562459e-37
2.5335338146051654e+01 1.9778944552178345e-09 4.1383128138992599e-64 -4.7345180109431716e-37
2.8052120298133506e+01 1.8660535830840106e-09 6.5501950107490476e-64 -6.7942155324461991e-37
3.1060230918748907e+01 1.7605360222513344e-09 1.0352185448943880e-63 -9.1531649280947250e-37
3.4390910008688287e+01 1.6636096540672875e-09 1.5528450978876096e-63 -1.2108958683917292e-36
3.8078747525079137e+01 1.5764597859429914e-09 2.3665258540927602e-63 -1.5616715835628455e-36
4.2162042606968072e+01 1.4994391072654126e-09 3.5021604848388474e-63 -1.9775786564697545e-36
4.6683201321708829e+01 1.4323082818329145e-09 5.0736722678119446e-63 -2.4597425659341221e-36
5.1689177062854711e+01 1.3744372433648702e-09 7.3704447253617654e-63 -3.0069552580617301e-36
5.7231958173200660e+01 1.3249809472137294e-09 1.0732510714226733e-62 -3.6587834456899171e-36
6.3369107857065373e+01 1.2830034720907550e-09 1.5416723756877877e-62 -4.3965252294728830e-36
7.0164361988941039e+01 1.2475612587220645e-09 2.2012561494863575e-62 -5.2304775906048731e-36
7.7688291026907024e+01 1.2177501928985623e-09 3.1225749333423214e-62 -6.1647578831157127e-36
8.6019032904948006e+01 1.1927327919320130e-09 4.5172203232113971e-62 -7.2938724602087353e-36
9.5243104515451606e+01 1.1717582518557077e-09 6.2181076273890642e-62 -8.3840370072410580e-36
1.0545630020933916e+02 1.1541521488424168e-09 8.7088511566108664e-62 -9.6580981624403166e-36
1.1676468664498528e+02 1.1393327853122592e-09 1.2134743301729248e-61 -1.1037564820331222e-35
1.2928570431768458e+02 1.1267935753574114e-09 1.6868145409526945e-61 -1.2543866339137108e-35
1.4314938720933588e+02 1.1161028904914149e-09 2.2758527286630385e-61 -1.3833656286162007e-35
1.5849971322471555e+02 1.1068951286223137e-09 3.2106171768566758e-61 -1.5756898576511027e-35
1.7549609943896888e+02 1.0988639081227145e-09 4.2672470363339241e-61 -1.6965597482610071e-35
1.9431505768484791e+02 1.0917515883768071e-09 6.0018288391122320e-61 -1.9078588825026361e-35
2.1515202767339417e+02 1.0853472881405597e-09 8.1071052134317217e-61 -2.0591569961148915e-35
2.3822340668549518e+02 1.0794779073007474e-09 1.1053453490595944e-60 -2.2233676074938018e-35
2.6376879691318197e+02 1.0740022078785110e-09 1.4829265442565036e-60 -2.3101352030397625e-35
2.9205349378988473e+02 1.0688087362136018e-09 1.9969753861961669e-60 -2.3862044617263538e-35
3.2337124115159344e+02 1.0638043726241381e-09 2.6749233831763057e-60 -2.4035610982477819e-35
3.5804728184198058e+02 1.0589240967357031e-09 3.5651994368149117e-60 -2.3274589131117090e-35
3.9644173544280244e+02 1.0541088050840849e-09 4.7313582692901010e-60 -2.1304194057816595e-35
4.3895333820817586e+02 1.0493227632160089e-09 6.3005767108537582e-60 -1.8422300006718008e-35
4.8602358404290806e+02 1.0445324150918510e-09 8.1648749450481857e-60 -1.2353961046482708e-35
5.3814130953000222e+02 1.0397160964361759e-09 1.1064671622186951e-59 -6.4472388832666947e-36
5.9584777062402600e+02 1.0348592379653495e-09 1.4628008368301604e-59 3.1420790478455351e-36
6.5974226373310614e+02 1.0299588273597090e-09 1.9348618656853168e-59 1.6458867889413729e-35
7.3048834956592668e+02 1.0250043768435546e-09 2.5686530767028908e-59 3.3164628413259205e-35
8.0882074437999484e+02 1.0199962920567664e-09 3.4180752619895537e-59 5.4792868798007891e-35
8.9555295019851371e+02 1.0149353091369717e-09 4.5493974255618779e-59 8.2429286908900608e-35
9.9158570323768083e+02 1.0098241183975674e-09 6.0631872092512532e-59 1.1756096640574936e-34
1.0979163282834527e+03 1.0046665156072055e-09 8.1582554087775190e-59 1.5944521434884338e-34
1.2156490961653992e+03 9.9946662059918989e-10 1.0991530873994903e-58 2.0776217131968825e-34
1.3460066918926655e+03 9.9422961992129227e-10 1.4910551286401728e-58 2.7207921215114824e-34
1.4903429125515800e+03 9.8896025061894342e-10 2.0302127405894505e-58 3.4634313261460885e-34
1.6501567268358315e+03 9.8366353179970792e-10 2.7809886025623513e-58 4.3454383189970953e-34
1.8271078422210453e+03 9.7834431548863176e-10 3.7979556576855134e-58 5.3764661873922095e-34
2.0230339414528607e+03 9.7300747499746382e-10 5.2639133022729167e-58 6.6049110608055425e-34
2.2399697673538649e+03 9.6765710764326162e-10 7.2695547978709492e-58 8.0238163597016284e-34
2.4801682541499963e+03 9.6229742667788757e-10 1.0081011894232088e-57 9.6384259015731480e-34
2.7461239247706703e+03 9.5693151615620220e-10 1.4016229771437740e-57 1.1505159212871825e-33
3.0405987971095897e+03 9.5156294134704981e-10 1.9491348275153471e-57 1.3613592671613325e-33
3.3666510682894100e+03 9.4619381798088943e-10 2.7062188757766097e-57 1.5972471953081280e-33
3.7276668748237066e+03 9.4082811709196947e-10 3.7652957131818687e-57 1.8650308550656768e-33
4.1273954585136789e+03 9.3546674682808648e-10 5.2268307345288742e-57 2.1543556936379052e-33
4.5699881032864569e+03 9.3011216939069375e-10 7.2673572911969595e-57 2.4792883781064648e-33
5.0600412473440565e+03 9.2476516911484725e-10 9.9082272927802093e-57 2.7994074136824470e-33
5.6026442183537283e+03 9.1942789778037286e-10 1.3762604743542962e-56 3.1887732454926608e-33
6.2034320874219020e+03 9.1410236149560639e-10 1.8944234972770449e-56 3.5689312657488205e-33
6.8686441907537919e+03 9.0878800755820352e-10 2.5941635179169557e-56 3.9632602915543533e-33
7.6051889267611423e+03 9.0348616302422165e-10 3.5410655965255585e-56 4.3535820896323505e-33
8.4207155015526914e+03 8.9819798962235948e-10 4.8206305152246902e-56 4.7603542785642497e-33
9.3236933679026861e+03 8.9292339459934161e-10 6.5182317938520343e-56 5.0727113120332201e-33
1.0323500182691476e+04 8.8766338222885499e-10 8.7892849517888595e-56 5.3479224705042782e-33
1.1430519196279058e+04 8.8241800794117037e-10 1.1842552515274211e-55 5.5686632367180620e-33
1.2656247085224542e+04 8.7718738104203308e-10 1.5953708131905859e-55 5.7502615410067048e-33
1.4013413348222874e+04 8.7197226836114088e-10 2.1269017179996854e-55 5.5708702938799293e-33
1.5516112505215599e+04 8.6677255711126892e-10 2.8224415053183903e-55 5.1751397087978535e-33
1.7179950472597659e+04 8.6158797785342621e-10 3.7664003521901615e-55 4.5860736969788675e-33
1.9022206634664213e+04 8.5641931259726942e-10 4.9997563269462292e-55 3.6273996999526507e-33
2.1062013294451088e+04 8.5126617246538286e-10 6.6252237882148861e-55 2.1003037299509993e-33
2.3320554367611894e+04 8.4612873004797625e-10 8.7776814297126377e-55 5.0222423511216781e-35
2.5821285382818656e+04 8.4100699063416919e-10 1.1648539946282437e-54 -2.6922388068980643e-33
2.8590177073446685e+04 8.3589916737379834e-10 1.5260158043433170e-54 -6.4781821675239195e-33
3.1655985090305719e+04 8.3080607965204261e-10 2.0726582919356378e-54 -1.0987589601435675e-32
3.5050548636453401e+04 8.2572441060433652e-10 2.7282663005752636e-54 -1.6772912604096773e-32
3.8809121125490165e+04 8.2066143811653988e-10 3.6575802671386726e-54 -2.4518845055257466e-32
4.2970736297306838e+04 8.1561292061642928e-10 4.9103582650933310e-54 -3.3621078942658530e-32
4.7578613593490962e+04 8.1058006240518796e-10 6.6189850439794436e-54 -4.4900392588777490e-32
5.2680607002319397e+04 8.0556329598754100e-10 8.9628983389717999e-54 -5.8504577308469103e-32
5.8329702034707741e+04 8.0056165785748085e-10 1.2189689532184468e-53 -7.4792297405799410e-32
6.4584565992339303e+04 7.9557600147220750e-10 1.6626543062953060e-53 -9.4426390114501577e-32
7.1510157242649278e+04 7.9060622920241196e-10 2.2807812865355681e-53 -1.1724869937822938e-31
7.9178399828141395e+04 7.8565030909364435e-10 3.1514264583528908e-53 -1.4399158459354523e-31
8.7668930416027724e+04 7.8071376991625202e-10 4.3666751874440839e-53 -1.7504233016058072e-31
9.7069925345455515e+04 7.7579077507074059e-10 6.0491520418415256e-53 -2.1086359705349659e-31
1.0747901636141851e+05 7.7088320206316155e-10 8.3788048364720220e-53 -2.5185738280300888e-31
1.1900430454548488e+05 7.6599161548913497e-10 1.1629621098969069e-52 -2.9818793883387251e-31
1.3176548297327198e+05 7.6111564158905653e-10 1.6170465654002230e-52 -3.5051486660181371e-31
1.4589507975775396e+05 7.5625425570499475e-10 2.2458802566465793e-52 -4.0883116463674134e-31
1.6153983438772897e+05 7.5141041642111240e-10 3.1167779997629147e-52 -4.7307274788741434e-31
1.7886222165506586e+05 7.4658152735886608e-10 4.3115916566944862e-52 -5.4278872460977918e-31
1.9804213899711720e+05 7.4176761117868803e-10 5.9595056032585223e-52 -6.1823709067791913e-31
2.1927877477777406e+05 7.3696957139132165e-10 8.2160545013840956e-52 -6.9875234139485440e-31
2.4279267690974436e+05 7.3218694815413632e-10 1.1244458999705500e-51 -7.8255271036303552e-31
2.6882804330122727e+05 7.2741998942561128e-10 1.5463996734010623e-51 -8.6859606203193095e-31
2.9765525791386038e+05 7.2266872932398166e-10 2.1090053796512180e-51 -9.5376230948140610e-31
3.2957369876955193e+05 7.1793287005471902e-10 2.8684882934599246e-51 -1.0351002411819850e-30
3.6491484706807020e+05 7.1321260494322799e-10 3.8805097095725913e-51 -1.1056300226828836e-30
4.0404572970437375e+05 7.0850794117942099e-10 5.2450763396153288e-51 -1.1686710930655660e-30
4.4737273093710840e+05 7.0381884530879239e-10 6.9780340536022375e-51 -1.1919355551709518e-30
4.9534581279342721e+05 6.9914520254845447e-10 9.4582162045877267e-51 -1.2181838442990706e-30
5.4846318804011936e+05 6.9448709040067120e-10 1.2631980517640468e-50 -1.1888687411476228e-30
6.0727649425105401e+05 6.8984462967698082e-10 1.6845826538337081e-50 -1.1101526073354738e-30
6.7239652270495542e+05 6.8521763392185284e-10 2.2448130194644139e-50 -9.7399999118432071e-31
7.4449956160958554e+05 6.8060619037005545e-10 2.9817209639141990e-50 -7.4734545625628228e-31
8.2433441952834197e+05 6.7600932515362514e-10 3.9632957002767899e-50 -4.2673123224615477e-31
9.1273020194936206e+05 6.7142954789528855e-10 5.2710902678127192e-50 1.4186326534660876e-33
1.0106049217587968e+06 6.6686533631187567e-10 6.9516496870855601e-50 6.8902864262357329e-31
1.1189750330402306e+06 6.6231609201226666e-10 9.2430406177568710e-50 1.4951905756128994e-30
1.2389659872111999e+06 6.5778242563767801e-10 1.2253647516369064e-49 2.5858427930757160e-30
1.3718239211249980e+06 6.5326420335579013e-10 1.6385730946627058e-49 3.8929809690869499e-30
1.5189285985217020e+06 6.4876157313769242e-10 2.1912991225357267e-49 5.5654027165769514e-30
1.6818077392287133e+06 6.4427442470346222e-10 2.9472365781393646e-49 7.5854303019385527e-30
1.8621528849232288e+06 6.3980288942328518e-10 3.9779238029115699e-49 1.0068816577555648e-29
2.0618369662267016e+06 6.3534697215235490e-10 5.3943056399834974e-49 1.3057681282210455e-29
2.2829337535699666e+06 6.3090663624880724e-10 7.3457575734384069e-49 1.6662122140169569e-29
2.5277393938314007e+06 6.2648157315862407e-10 1.0042542388595972e-48 2.0921427694935987e-29
2.7987962564115264e+06 6.2207213168268335e-10 1.3803968606176344e-48 2.5888890982656968e-29
3.0989193363917051e+06 6.1767813471979779e-10 1.9035029760984441e-48 3.1743030750399945e-29
3.4312254889804902e+06 6.1329991851169042e-10 2.6314371581490597e-48 3.8480912776269443e-29
3.7991657988548731e+06 6.0893710524715071e-10 3.6443104489396455e-48 4.6204532901412724e-29
4.2065614205603302e+06 6.0458992536643828e-10 5.0586054831570402e-48 5.4999184395788387e-29
4.6576432621814338e+06 6.0025821824532191e-10 7.0288471722212410e-48 6.4947421848203855e-29
5.1570959244081201e+06 5.9594194905821497e-10 9.7602152146888694e-48 7.6060120329179929e-29
5.7101063513160991e+06 5.9164122957886584e-10 1.3538049854490096e-47 8.8336809400028976e-29
6.3224176981122503e+06 5.8735530813711783e-10 1.8778135173054725e-47 1.0198719322298719e-28
7.0003889752753554e+06 5.8308607253719472e-10 2.5934104552364249e-47 1.1643872731226817e-28
7.7510610885118842e+06 5.7882837518864490e-10 3.5766355921144509e-47 1.3195258798929778e-28
8.5822299603687190e+06 5.7458527064526633e-10 4.9189569670877928e-47 1.4827435337298347e-28
9.5025274928895365e+06 5.7035802175642203e-10 6.7524348772619983e-47 1.6529436960161738e-28
1.0521511212132797e+07 5.6614615167916658e-10 9.2224636479486875e-47 1.8207807283702611e-28
1.1649763525532695e+07 5.6194991681108749e-10 1.2557942588245084e-46 1.9836323353449941e-28
1.2899001622916203e+07 5.5776905475757131e-10 1.7022474714894982e-46 2.1308913540788952e-28
1.4282199162526499e+07 5.5360397156163483e-10 2.3025407649680771e-46 2.2604124469349203e-28
1.5813721005793365e+07 5.4945432330377592e-10 3.1047004297919234e-46 2.3569045655495934e-28
1.7509472400105685e+07 5.4532026876253935e-10 4.1675662745467092e-46 2.3940087459357067e-28
1.9387064158887491e+07 5.4120173757875627e-10 5.5790740415838834e-46 2.3669079124162156e-28
2.1465995554414950e+07 5.3709881909928453e-10 7.4466564263877313e-46 2.2386688788454333e-28
2.3767856822763227e+07 5.3301148499684710e-10 9.9188926960667755e-46 1.9958494729437382e-28
2.6316553383948866e+07 5.2893959074257893e-10 1.3190931231446049e-45 1.5951190828083965e-28
2.9138554105852146e+07 5.2488335828221897e-10 1.7525142350528315e-45 1.0039742398289322e-28
3.2263166190202300e+07 5.2084259986482869e-10 2.3241182647703635e-45 1.6057259758077755e-29
3.5722839535389215e+07 5.1681732187296866e-10 3.0885583809376856e-45 -9.5929154412873951e-29
3.9553503736985996e+07 5.1280755030800851e-10 4.1042218962856283e-45 -2.4486796519103094e-28
4.3794941225819863e+07 5.0881345904902264e-10 5.4652869747912819e-45 -4.3714882154049508e-28
4.8491200418726020e+07 5.0483498220740669e-10 7.2781138896336151e-45 -6.8246514108736431e-28
5.3691053172660924e+07 5.0087202993038882e-10 9.7470676563936477e-45 -9.8708073104753870e-28
5.9448501292953536e+07 4.9692445185954374e-10 1.3083494470589159e-44 -1.3621145107045915e-27
6.5823337355912536e+07 4.9299236555025715e-10 1.7651972669398768e-44 -1.8206426426978863e-27
7.2881765670076355e+07 4.8907593925311168e-10 2.3923538729435498e-44 -2.3732244861598064e-27
8.0697089824947864e+07 4.8517497691692554e-10 3.2563526146051462e-44 -3.0344919541781596e-27
8.9350473967583865e+07 4.8128964378461047e-10 4.4485498162522020e-44 -3.8199491452469842e-27
9.8931785713092029e+07 4.7741983958348044e-10 6.1093344944460364e-44 -4.7405653512125992e-27
1.0954052944287750e+08 4.7356557152295466e-10 8.4130480326301606e-44 -5.8122829895364423e-27
1.2128687968317950e+08 4.6972678472495432e-10 1.1617205619198834e-43 -7.0537821771186097e-27
1.3429282529580250e+08 4.6590353506617367e-10 1.6098374981808026e-43 -8.4754108852133951e-27
1.4869343636375231e+08 4.6209574658025846e-10 2.2326195956652205e-43 -1.0093109384301480e-26
1.6463826692871228e+08 4.5830365071000741e-10 3.0963918954580800e-43 -1.1910070646939576e-26
1.8229290814814749e+08 4.5452698640438015e-10 4.2981358198257621e-43 -1.3943895833003510e-26
2.0184070800197199e+08 4.5076568768497382e-10 5.9577542004600386e-43 -1.6183003214878940e-26
2.2348467540837425e+08 4.4702023303624865e-10 8.2479875169553472e-43 -1.8631127247649488e-26
2.4744958852353230e+08 4.4329017399063501e-10 1.1395415944289062e-42 -2.1267259156396232e-26
2.7398432912045217e+08 4.3957557862646060e-10 1.5703484076059106e-42 -2.4066168750205056e-26
3.0336446729005331e+08 4.3587663532818556e-10 2.1586242422443009e-42 -2.6996527982421841e-26
3.3589512330728424e+08 4.3219308712002888e-10 2.9578289488084100e-42 -2.9969597231130049e-26
3.7191413638348037e+08 4.2852514889656130e-10 4.0352237016511182e-42 -3.2890043451977370e-26
4.1179557321328801e+08 4.2487271932501423e-10 5.4976181292424487e-42 -3.5749058673885173e-26
4.5595361275327051e+08 4.2123582926381672e-10 7.4518003095471073e-42 -3.8246071069625684e-26
5.0484684757667750e+08 4.1761434331753075e-10 1.0066670839817158e-41 -4.0294152795878099e-26
5.5898304647500765e+08 4.1400855443796823e-10 1.3554348487132337e-41 -4.1574377742052588e-26
6.1892442776722097e+08 4.1041808227367093e-10 1.8182519482875900e-41 -4.1819106694006176e-26
6.8529349808126795e+08 4.0684314324226603e-10 2.4355509968245542e-41 -4.0787544766081779e-26
7.5877951724517930e+08 4.0328395196815022e-10 3.2454280373627816e-41 -3.7708529830259210e-26
8.4014565642727065e+08 3.9974015454684991e-10 4.3263660077189412e-41 -3.2529009124714849e-26
9.3023692386458361e+08 3.9621188631157038e-10 5.7549881689319618e-41 -2.4289583472735613e-26
1.0299889404902894e+09 3.9269901011659895e-10 7.6500756178830515e-41 -1.2340114649597828e-26
1.1404376565971949e+09 3.8920188597076167e-10 1.0159388870536190e-40 4.2893239266433759e-27
1.2627301104473979e+09 3.8572008584682874e-10 1.3503829659363574e-40 2.6388152161163444e-26
1.3981363405590124e+09 3.8225368999482055e-10 1.7956721162061186e-40 5.5355804112366830e-26
1.5480625753821192e+09 3.7880253376731043e-10 2.3954114510089120e-40 9.2103964887100217e-26
1.7140658373421118e+09 3.7536415108586027e-10 3.2007757263512107e-40 1.3867001719922271e-25
1.8978701129171748e+09 3.7194137147964229e-10 4.2933732209386714e-40 1.9627308376367013e-25
2.1013842566803000e+09 3.6853410636253429e-10 5.7846120164729502e-40 2.6653780757098325e-25
2.3267218152439117e+09 3.6514238045130173e-10 7.8194743030175062e-40 3.5206335034696929e-25
2.5762229769838533e+09 3.6176620350324112e-10 1.0628555425693846e-39 4.5435345925673951e-25
2.8524788754962502e+09 3.5840578326412824e-10 1.4519053626722947e-39 5.7487276136559162e-25
3.1583584991848898e+09 3.5506039922108696e-10 1.9879934389822633e-39 7.1912489813217348e-25
3.4970384864420857e+09 3.5173087706552821e-10 2.7312927090792656e-39 8.8639590247291471e-25
3.8720361158536282e+09 3.4841680972847122e-10 3.7689362743407815e-39 1.0798437349320997e-24
4.2872458340395627e+09 3.4511838291994303e-10 5.2089808855452398e-39 1.3015282648883051e-24
4.7469797004818048e+09 3.4183546460686379e-10 7.2155608856346024e-39 1.5537218522336562e-24
5.2560121693684950e+09 3.3856793725794618e-10 1.0002402230305260e-38 1.8377597920986117e-24
5.8196296735260496e+09 3.3531609116084370e-10 1.3851998208456164e-38 2.1532738902945844e-24
6.4436855253807640e+09 3.3207989838228631e-10 1.9202162865943966e-38 2.5031627872790717e-24
7.1346607051105366e+09 3.2885911019271241e-10 2.6566795305951189e-38 2.8836537202021868e-24
7.8997311672872877e+09 3.2565379278183191e-10 3.6695578065854336e-38 3.2933878409934173e-24
8.7468423650068073e+09 3.2246389264916337e-10 5.0568188980869256e-38 3.7272729161185545e-24
9.6847917654582558e+09 3.1928975430159413e-10 6.9458991260275340e-38 4.1763289800177281e-24
1.0723320213878698e+10 3.1613106046073437e-10 9.5163982152049920e-38 4.6344277633418740e-24
1.1873213094730749e+10 3.1298796772521121e-10 1.2985091246477166e-37 5.0804602020943888e-24
1.3146412340688160e+10 3.0986035499338373e-10 1.7671819949002391e-37 5.5036157207266703e-24
1.4556140452671392e+10 3.0674831727510546e-10 2.3944520335864299e-37 5.8710667459596321e-24
1.6117037818913067e+10 3.0365156307497279e-10 3.2360155719374827e-37 6.1623590667969223e-24
1.7845314759147041e+10 3.0057057593492084e-10 4.3580349122733670e-37 6.3329247059506179e-24
1.9758919872939022e+10 2.9750518393306573e-10 5.8525927041159908e-37 6.3385994784681781e-24
2.1877726440499355e+10 2.9445519898040405e-10 7.8317603369359884e-37 6.1135842197877516e-24
2.4223738811798244e+10 2.9142063770906567e-10 1.0459221540854024e-36 5.5955197729290088e-24
2.6821320927387337e+10 2.8840186798721972e-10 1.3938895188108331e-36 4.6989780046830649e-24
2.9697449344175064e+10 2.8539834868643916e-10 1.8550058489899980e-36 3.3246773905643768e-24
3.2881993393893356e+10 2.8241064679966443e-10 2.4667191737669485e-36 1.3630607120454238e-24
3.6408025383773262e+10 2.7943823489009454e-10 3.2799306924810204e-36 -1.3325075447362707e-24
4.0312164060943161e+10 2.7648139002256114e-10 4.3645028326599635e-36 -4.8986651294514703e-24
4.4634954907515450e+10 2.7353997349877013e-10 5.8167518222435082e-36 -9.5171899803712711e-24
4.9421291215823776e+10 2.7061424788973882e-10 7.7687400736145869e-36 -1.5381832786667921e-23
5.4720880316785278e+10 2.6770403981861519e-10 1.0403450048253264e-35 -2.2732422528893048e-23
6.0588759803288910e+10 2.6480939289898015e-10 1.3984954735191754e-35 -3.1775283493576576e-23
6.7085869109722313e+10 2.6193017870073347e-10 1.8871320441408227e-35 -4.2793380545044447e-23
7.4279682383637360e+10 2.5906664378893072e-10 2.5571166585642137e-35 -5.6072859590881541e-23
8.2244909222088852e+10 2.5621844983550680e-10 3.4800801945362907e-35 -7.1897676309097429e-23
9.1064270549973282e+10 2.5338563643514873e-10 4.7555673550212593e-35 -9.0583914493873799e-23
1.0082935769806316e+11 2.5056845848599324e-10 6.5227083157789872e-35 -1.1243429041786080e-22
1.1164158360248296e+11 2.4776696423486330e-10 8.9765159171888732e-35 -1.3776445019470552e-22
1.2361323600407712e+11 2.4498081845709169e-10 1.2384894220965729e-34 -1.6684213587458339e-22
1.3686864358541603e+11 2.4221029502782042e-10 1.7121008117176909e-34 -1.9990988841160325e-22
1.5154546715607202e+11 2.3945546000937388e-10 2.3693152987318595e-34 -2.3714884565536868e-22
1.6779612929545560e+11 2.3671582447247657e-10 3.2799168294124076e-34 -2.7863993291289879e-22
1.8578939730042029e+11 2.3399174068597363e-10 4.5392168023426639e-34 -3.2436468664025566e-22
2.0571213587695227e+11 2.3128305049392794e-10 6.2755810002989664e-34 -3.7412808027141334e-22
2.2777124777809695e+11 2.2859012287233308e-10 8.6598545454112901e-34 -4.2743247960666660e-22
2.5219582254215564e+11 2.2591243138459257e-10 1.1926012494367583e-33 -4.8370828370140778e-22
2.7923951564632318e+11 2.2324968969041010e-10 1.6378016602577919e-33 -5.4177047705818209e-22
3.0918318278392322e+11 2.2060081827383629e-10 2.2431783067041873e-33 -6.0037440836447463e-22
3.4233779662285980e+11 2.1796781224610136e-10 3.0617813826873111e-33 -6.5729529818107821e-22
3.7904767633658118e+11 2.1535057601672012e-10 4.1662481138168827e-33 -7.1038097281153266e-22
4.1969406344706097e+11 2.1274855971097835e-10 5.6477387190163625e-33 -7.5538231366742039e-22
4.6469908111584540e+11 2.1016237541097836e-10 7.6320751718368428e-33 -7.8897146572666322e-22
5.1453011800141840e+11 2.0759157809655364e-10 1.0281066699051129e-32 -8.0583285390094478e-22
5.6970468221036975e+11 2.0503638568395147e-10 1.3804799362953534e-32 -7.9863464290117033e-22
6.3079577575189417e+11 2.0249649881190681e-10 1.8489378790666796e-32 -7.6064001460207986e-22
6.9843784531071106e+11 1.9997256333401465e-10 2.4706529258831861e-32 -6.8207074976465717e-22
7.7333337113870789e+11 1.9746378567209654e-10 3.2958837303492865e-32 -5.5209239321414677e-22
8.5626016249263940e+11 1.9497092130818729e-10 4.3915028113205430e-32 -3.5768574336640206e-22
9.4807943538287488e+11 1.9249338390669461e-10 5.8485309496179478e-32 -8.3830306519380056e-23
1.0497447565226853e+12 1.9003127437657158e-10 7.7897582735975420e-32 2.8692126160054178e-22
1.1623119463632832e+12 1.8758504944479293e-10 1.0389464423400633e-31 7.7302027142553495e-22
1.2869500440601714e+12 1.8515413623823123e-10 1.3878979707586928e-31 1.3976121146639054e-21
1.4249534482447930e+12 1.8273900490800924e-10 1.8583285320167373e-31 2.1853435866685863e-21
1.5777553596865100e+12 1.8033828006544494e-10 2.4970314997213512e-31 3.1600460567732142e-21
1.7469426654504080e+12 1.7795445156541751e-10 3.3663785390611600e-31 4.3553417145394686e-21
1.9342724191267214e+12 1.7558566707438481e-10 4.5558933449821053e-31 5.8006676784135869e-21
2.1416900882832949e+12 1.7323296209631763e-10 6.1897172367760784e-31 7.5309382910891950e-21
2.3713497586455566e+12 1.7089483682238740e-10 8.4447583788935631e-31 9.5745651467098749e-21
2.6256365048295962e+12 1.6857277249454502e-10 1.1565135246795437e-30 1.1965607556347077e-20
2.9071911599541538e+12 1.6626643927161593e-10 1.5886512307749424e-30 1.4740061847766412e-20
3.2189377413702954e+12 1.6397556978127367e-10 2.1883619168605258e-30 1.7921826257471412e-20
3.5641138173320190e+12 1.6170010008821615e-10 3.0201122432848800e-30 2.1535128150914694e-20
3.9463041299734536e+12 1.5943981105995635e-10 4.1733149011239404e-30 2.5595424231084225e-20
4.3694778237759028e+12 1.5719528650190049e-10 5.7695090763091072e-30 3.0106380353733829e-20
4.8380296661519170e+12 1.5496645815210551e-10 7.9731626247795726e-30 3.5054758971982707e-20
5.3568256882327363e+12 1.5275336019581156e-10 1.1008068053599614e-29 4.0410061282900131e-20
5.9312537198503965e+12 1.5055609016775644e-10 1.5173812294114396e-29 4.6114394959335998e-20
6.5672793435332559e+12 1.4837321426549991e-10 2.0868509420532725e-29 5.2071719627735051e-20
7.2715078486115469e+12 1.4620723314717573e-10 2.8627466821729702e-29 5.8156421016332391e-20
8.0512528288422383e+12 1.4405560104388129e-10 3.9159916625709695e-29 6.4192351010783895e-20
8.9146121359571484e+12 1.4191994376989645e-10 5.3396719255418342e-29 6.9933464111089079e-20
9.8705519779313926e+12 1.3979985325563387e-10 7.2562408607149595e-29 7.5065572085533526e-20
1.0929000035354273e+13 1.3769525372290224e-10 9.8276877626395082e-29 7.9198800464815636e-20
1.2100948562940027e+13 1.3560612462730234e-10 1.3266977078175827e-28 8.1845468959210117e-20
1.3398568546914049e+13 1.3353336482315153e-10 1.7853039642917697e-28 8.2396282210559318e-20
1.4835336103828389e+13 1.3147479575919763e-10 2.3958682835644557e-28 8.0140795631672932e-20
1.6426172433490625e+13 1.2943279462339708e-10 3.2064240581777673e-28 7.4159526587105360e-20
1.8187598779453207e+13 1.2740567614132054e-10 4.2835512290363145e-28 6.3498719969625532e-20
2.0137908006367734e+13 1.2539428712176917e-10 5.7129872036849644e-28 4.6883724868522051e-20
2.2297354576078996e+13 1.2339913551784038e-10 7.6133841448662106e-28 2.2975900448712445e-20
2.4688364895409289e+13 1.2141810830911207e-10 1.0145115224510971e-27 -9.8188340605614188e-21
2.7335770220148754e+13 1.1945379963039966e-10 1.3526692166567127e-27 -5.3296505950243540e-20
3.0267064534019379e+13 1.1750293050350901e-10 1.8059118101767812e-27 -1.0945875839006421e-19
3.3512690080751945e+13 1.1556854689624868e-10 2.4159872639053265e-27 -1.8048094080530847e-19
3.7106353514599836e+13 1.1364992805829853e-10 3.2409209364161541e-27 -2.6876411269766421e-19
4.1085375952593820e+13 1.1174601797346910e-10 4.3613395120458624e-27 -3.7681149283631595e-19
4.5491080563920094e+13 1.0985957392705555e-10 5.8901483689489644e-27 -5.0728594224775726e-19
5.0369221721638812e+13 1.0798716802061139e-10 7.9848191443036903e-27 -6.6284962573246216e-19
5.5770460173588492e+13 1.0613001272135054e-10 1.0866226326080253e-26 -8.4621542132861515e-19
6.1750889167255180e+13 1.0428825417154403e-10 1.4838340577809366e-26 -1.0598180827862905e-18
6.8372616992542891e+13 1.0246258343314296e-10 2.0324484785528913e-26 -1.3058628324704734e-18
7.5704411992303609e+13 1.0065236034150992e-10 2.7911051368554279e-26 -1.5860495320266164e-18
8.3822416739226422e+13 9.8859499772161389e-11 3.8400597049768098e-26 -1.9013511758156403e-18
9.2810938795995844e+13 9.7079247434457373e-11 5.2894596781732731e-26 -2.2517298482712478e-18
1.0276332627096697e+14 9.5315795186994449e-11 7.2890072494653332e-26 -2.6357738350211581e-18
1.1378293726222725e+14 9.3567771731648288e-11 1.0041239378215358e-25 -3.0502989455862178e-18
1.2598421325797089e+14 9.1835401489147262e-11 1.3820452826785561e-25 -3.4900514464349388e-18
1.3949386764072361e+14 9.0119818063666120e-11 1.8991800271173076e-25 -3.9466362406997682e-18
1.5445220163833975e+14 8.8418435533522898e-11 2.6044629414910796e-25 -4.4083818002317901e-18
1.7101456138826016e+14 8.6732275410020035e-11 3.5630852524925807e-25 -4.8596540871937062e-18
1.8935295124701706e+14 8.5062424831865213e-11 4.8617345320772719e-25 -5.2798750631763237e-18
2.0965782009961975e+14 8.3408772132888674e-11 6.6150714682156357e-25 -5.6422692836426901e-18
2.3214003922010153e+14 8.1769831873028628e-11 8.9746305703071644e-25 -5.9136563025201232e-18
2.5703309222381834e+14 8.0145826857547715e-11 1.2142519728765414e-24 -6.0528254953030726e-18
2.8459549985471488e+14 7.8536838945007132e-11 1.6385606750795689e-24 -6.0103109093202128e-18
3.1511350478959662e+14 7.6946439518866484e-11 2.2065326446796595e-24 -5.7270768279265078e-18
3.4890404434178931e+14 7.5370246906364383e-11 2.9657457709433782e-24 -5.1318445152057929e-18
3.8631804193647588e+14 7.3809042563688553e-11 3.9813244631696568e-24 -4.1436658596457755e-18
4.2774405154052725e+14 7.2264639794537675e-11 5.3404785629590166e-24 -2.6669329663724617e-18
4.7361229289516606e+14 7.0733971928036711e-11 7.1644436656049237e-24 -5.9648903169214188e-19
5.2439911945838962e+14 6.9219257466723528e-11 9.6171333498599204e-24 2.1885133533828960e-18
5.8063196545788212e+14 6.7720967205629147e-11 1.2929285502418540e-23 5.8210160661622094e-18
6.4289482343082838e+14 6.6236637910237145e-11 1.7415978865762997e-23 1.0443758987848490e-17
7.1183430913628688e+14 6.4770732750491298e-11 2.3520125796819367e-23 1.6210389572768732e-17
7.8816637682579450e+14 6.3319491415436888e-11 3.1861981361976000e-23 2.3282260574417893e-17
8.7268375461200888e+14 6.1881390478446292e-11 4.3303647482221202e-23 3.1821798548732249e-17
9.6626417715360300e+14 6.0461340647822383e-11 5.9050119205590577e-23 4.1992586931211068e-17
1.0698795011549554e+15 5.9056013994583984e-11 8.0767473333489586e-23 5.3937368613864635e-17
1.1846057983474400e+15 5.7665356369252922e-11 1.1078814101253669e-22 6.7794168112397740e-17
1.3116345307705180e+15 5.6292278617846988e-11 1.5231696366787390e-22 8.3662129471798014e-17
1.4522849244107912e+15 5.4927177764259972e-11 2.0971500037068579e-22 1.0157833828518116e-16
1.6080176697024370e+15 5.3590002173689117e-11 2.8914155894149856e-22 1.2158836348112501e-16
1.7804500911722350e+15 5.2262201133411560e-11 3.9861366474083693e-22 1.4354628954857613e-16
1.9713729437698450e+15 5.0951844554698524e-11 5.4913454507427050e-22 1.6726797359491463e-16
2.1827690103175352e+15 4.9655096926563034e-11 7.5569024455455174e-22 1.9244829273239139e-16
2.4168336932186480e+15 4.8372680285654029e-11 1.0376872129609020e-21 2.1855409788159233e-16
2.6759978142749820e+15 4.7111711034345565e-11 1.4216169950230453e-21 2.4494641215810046e-16
2.9629528593950450e+15 4.5864095803254422e-11 1.9416506534675980e-21 2.7065494709838289e-16
3.2806789303659525e+15 4.4630311799874570e-11 2.6429085947546712e-21 2.9447537742518423e-16
3.6324756939752910e+15 4.3413943289518782e-11 3.5845237981079479e-21 3.1490548295389301e-16
4.0219966498975300e+15 4.2212773154721407e-11 4.8436050979389751e-21 3.3005443409497400e-16
4.4532870732257650e+15 4.1025715477300262e-11 6.5201662325874020e-21 3.3765922068152533e-16
4.9308260256917330e+15 3.9853227473198820e-11 8.7455878684175014e-21 3.3501746252020444e-16
5.4595728718713900e+15 3.8699062477480820e-11 1.1691823785309559e-20 3.1901781930002094e-16
6.0450187834587980e+15 3.7562835430727213e-11 1.5585249486647017e-20 2.8596684759674104e-16
6.6932437664934060e+15 3.6438616699498346e-11 2.0718923400748514e-20 2.3178832179278528e-16
7.4109798037831340e+15 3.5331098465371195e-11 2.7490576622699766e-20 1.5192161074627900e-16
8.2056807682734430e+15 3.4243393512885057e-11 3.6428344685639816e-20 4.1368725397726020e-17
9.0855998334310880e+15 3.3168256560153730e-11 4.8243276763511944e-20 -1.0509029029086608e-16
1.0059875184568256e+16 3.2107507084808296e-11 6.3896498681255801e-20 -2.9287006944963674e-16
1.1138624921242500e+16 3.1067337041687211e-11 8.4718799994158502e-20 -5.2766462099449597e-16
1.2333052136317258e+16 3.0032301116427703e-11 1.1248004611144581e-19 -8.1411400377568521e-16
1.3655561262956382e+16 2.9030299093882951e-11 1.4976083505956130e-19 -1.1580735740133045e-15
1.5119886897845998e+16 2.8031035551791209e-11 1.9987894791103354e-19 -1.5618334251184172e-15
1.6741236438505902e+16 2.7055563417242088e-11 2.6768716130251306e-19 -2.0289306411449617e-15
1.8536448016015604e+16 2.6091618989329630e-11 3.5964861620572884e-19 -2.5587260572787920e-15
2.0524165363326892e+16 2.5145257683875630e-11 4.8481211440560591e-19 -3.1491538715963693e-15
2.2725031435215212e+16 2.4216352617842909e-11 6.5565359448009691e-19 -3.7944042154952172e-15
2.5161902790662788e+16 2.3305016586131842e-11 8.8927498329647318e-19 -4.4840211857612867e-15
2.7860086964089524e+16 2.2408760109756707e-11 1.2091541084053394e-18 -5.2018764773069297e-15
