# k_modes P_R(k) P_S(k) P_RS(k) 
4.5669916093281155e-05 3.0964747086449163e-09 2.7840932355422580e-11 2.9358829553025314e-10
5.0775113619167928e-05 3.0853547208716761e-09 2.7790620724592879e-11 2.9279565164495336e-10
5.6450994080514584e-05 3.0742578593479092e-09 2.7740333373079919e-11 2.9200399839243658e-10
6.2761351093762750e-05 3.0631832072678160e-09 2.7690065493864552e-11 2.9121326762102598e-10
6.9777109425149883e-05 3.0521324497137490e-09 2.7639835122434815e-11 2.9042363492619401e-10
7.7577122144096222e-05 3.0411053905725504e-09 2.7589635478838172e-11 2.8963505597821732e-10
8.6249056886137965e-05 3.0301014431044733e-09 2.7539461474361090e-11 2.8884747684069778e-10
9.5890381186489754e-05 3.0191206286995041e-09 2.7489321312488533e-11 2.8806094220209690e-10
1.0660945795881662e-04 3.0081137394009454e-09 2.7438783404864378e-11 2.8727084270913728e-10
1.1852676343176340e-04 2.9971238125936855e-09 2.7388212086409701e-11 2.8648114196075067e-10
1.3177624123214470e-04 2.9861581172455736e-09 2.7337680346930339e-11 2.8569256990876890e-10
1.4650680783390765e-04 2.9752150173282605e-09 2.7287168257520683e-11 2.8490494480373555e-10
1.6288402629324416e-04 2.9642962070436024e-09 2.7236696881813233e-11 2.8411845842508855e-10
1.8109196708166792e-04 2.9533991495663050e-09 2.7186239983179573e-11 2.8333285300014161e-10
2.0133527693174473e-04 2.9425255852325625e-09 2.7135811134388863e-11 2.8254828342962463e-10
2.2384147894810637e-04 2.9316754425694251e-09 2.7085415345139789e-11 2.8176477305326009e-10
2.4886352983566709e-04 2.9208473073211604e-09 2.7035035984347305e-11 2.8098216806567143e-10
2.7668266298680959e-04 2.9100418699548011e-09 2.6984679679569357e-11 2.8020053682307720e-10
3.0761154938219821e-04 2.8992595603477363e-09 2.6934353399205710e-11 2.7941993687778594e-10
3.4199781183191688e-04 2.8885001597570802e-09 2.6884053473897310e-11 2.7864033933449251e-10
3.8022793205497228e-04 2.8777638769877495e-09 2.6833780615560964e-11 2.7786175863806443e-10
4.2273159451047788e-04 2.8670502778631877e-09 2.6783531914365494e-11 2.7708415946632061e-10
4.6998651580267096e-04 2.8563602258174814e-09 2.6733314582352304e-11 2.7630762155488639e-10
5.2252381393948374e-04 2.8456931858775736e-09 2.6683126609737328e-11 2.7553210933641852e-10
5.8093397779203403e-04 2.8350497103227491e-09 2.6632975715747885e-11 2.7475769006207539e-10
6.4587350384830741e-04 2.8243807416899644e-09 2.6582415650170813e-11 2.7397968420070588e-10
7.1807227485431091e-04 2.8137308622587768e-09 2.6531846431456371e-11 2.7320231699720311e-10
7.9834176327435707e-04 2.8031040275216005e-09 2.6481299743960193e-11 2.7242594445674002e-10
8.8758415177263446e-04 2.7925006261410070e-09 2.6430789299254813e-11 2.7165065669210430e-10
9.8680247322500492e-04 2.7819195235060085e-09 2.6380295183681913e-11 2.7087629686581081e-10
1.0971118842289021e-03 2.7713621503707309e-09 2.6329840053212942e-11 2.7010305167576444e-10
1.2197521988190653e-03 2.7608268751975271e-09 2.6279401926331675e-11 2.6933072952651606e-10
1.3561018232608356e-03 2.7503143416052458e-09 2.6228986274381217e-11 2.6855939060037045e-10
1.5076932485400308e-03 2.7398249831433550e-09 2.6178600551356643e-11 2.6778909496154961e-10
1.6762302746760418e-03 2.7293577049568474e-09 2.6128233968635043e-11 2.6701973462759707e-10
1.8636071604494666e-03 2.7189137425378143e-09 2.6077894523480654e-11 2.6625141162854322e-10
2.0719299137761621e-03 2.7084918065307830e-09 2.6027578682640905e-11 2.6548404552779569e-10
2.3035399620192111e-03 2.6980931257984757e-09 2.5977290895226949e-11 2.6471771993093085e-10
2.5610404682794336e-03 2.6877172685793656e-09 2.5927031994253825e-11 2.6395241864181941e-10
2.8473255894443388e-03 2.6773638384206600e-09 2.5876791082741504e-11 2.6318806744537198e-10
3.1656130048390838e-03 2.6670340287316070e-09 2.5826585538787093e-11 2.6242481416040910e-10
3.5194800810826737e-03 2.6567267068780390e-09 2.5776412781847031e-11 2.6166259060046831e-10
3.9129040796214926e-03 2.6463968267378404e-09 2.5725840680003853e-11 2.6089698462146019e-10
4.3503068588496060e-03 2.6360868158031280e-09 2.5675266063182478e-11 2.6013210137244598e-10
4.8366045732418338e-03 2.6257991402700315e-09 2.5624715689113301e-11 2.5936819890444772e-10
5.3772629280891176e-03 2.6155351745658728e-09 2.5574196387504982e-11 2.5860538037961918e-10
5.9783586108675202e-03 2.6052933819927120e-09 2.5523698947209969e-11 2.5784352402869423e-10
6.6466475896938878e-03 2.5950738870586003e-09 2.5473221619690523e-11 2.5708262790936820e-10
7.3896410465033816e-03 2.5848776301489441e-09 2.5422774971148632e-11 2.5632279267359309e-10
8.2156897983939169e-03 2.5747038921203000e-09 2.5372351840691162e-11 2.5556394731012323e-10
9.1340781559846214e-03 2.5645529782373193e-09 2.5321957860251670e-11 2.5480613607319562e-10
1.0155128273702034e-02 2.5544237284775015e-09 2.5271575195884927e-11 2.5404921234405151e-10
1.1290316164830953e-02 2.5443170460276141e-09 2.5221216076195786e-11 2.5329328330805527e-10
1.2552400685272060e-02 2.5342331775548019e-09 2.5170886405914186e-11 2.5253839164745246e-10
1.3955566935709249e-02 2.5241724340685741e-09 2.5120583880107832e-11 2.5178454205104313e-10
1.5515585693944093e-02 2.5141340001306936e-09 2.5070307823722529e-11 2.5103169122904402e-10
1.7249990669324828e-02 2.5041186025838928e-09 2.5020060298673145e-11 2.5027988651538593e-10
1.9178275571507138e-02 2.4941255300886404e-09 2.4969831766312994e-11 2.4952904545111024e-10
2.1322113208485788e-02 2.4841552971491613e-09 2.4919637208651017e-11 2.4877926939486077e-10
2.3705599076432313e-02 2.4741639413683985e-09 2.4869049714920921e-11 2.4802622550909674e-10
2.6355522179147852e-02 2.4641934844951031e-09 2.4818468871976002e-11 2.4727401427294248e-10
2.9301666120985184e-02 2.4542448138653767e-09 2.4767903869024306e-11 2.4652272683971775e-10
3.2577143857350485e-02 2.4443197406133960e-09 2.4717377291914792e-11 2.4577256734842472e-10
3.6218769865186975e-02 2.4344173159607542e-09 2.4666871479950031e-11 2.4502340105205323e-10
4.0267473916421645e-02 2.4245365673264437e-09 2.4616380212538736e-11 2.4427514893510449e-10
4.4768761104949442e-02 2.4146791932140935e-09 2.4565925599796888e-11 2.4352800704933836e-10
4.9773223297592442e-02 2.4048441256815019e-09 2.4515489323081467e-11 2.4278183150268473e-10
5.5337107757447226e-02 2.3950310023048483e-09 2.4465073471265975e-11 2.4203661515534151e-10
6.1522949330618207e-02 2.3852404169549014e-09 2.4414681534140998e-11 2.4129240607661777e-10
6.8400273301750636e-02 2.3754724092045211e-09 2.4364315493449522e-11 2.4054921684479798e-10
7.6046376818053124e-02 2.3657266966857748e-09 2.4313970463014860e-11 2.3980700984605837e-10
8.4547197664564228e-02 2.3560034625162646e-09 2.4263649061463660e-11 2.3906580808476021e-10
9.3998280155195152e-02 2.3463025038745413e-09 2.4213352906642615e-11 2.3832561004854788e-10
1.0450584899560546e-01 2.3366241075241492e-09 2.4163082665992388e-11 2.3758643434150327e-10
1.1618800318751017e-01 2.3269688830855237e-09 2.4112839922574941e-11 2.3684832059457668e-10
1.2917604339321281e-01 2.3173349548839968e-09 2.4062620001368818e-11 2.3611115116642913e-10
1.4361594767917429e-01 2.3076833995642271e-09 2.4012026912380761e-11 2.3537099977887332e-10
1.5967001222512314e-01 2.2980520603659517e-09 2.3961429861613102e-11 2.3463160760174655e-10
1.7751867543932887e-01 2.2884428861676626e-09 2.3910857550369243e-11 2.3389321554661254e-10
1.9736254598204017e-01 2.2788567899791436e-09 2.3860314243739749e-11 2.3315589191300410e-10
2.1942465749089965e-01 2.2692934247982535e-09 2.3809798937982092e-11 2.3241961488353980e-10
2.4395297535014562e-01 2.2597519111507594e-09 2.3759299839085971e-11 2.3168428266953560e-10
2.7122318367823806e-01 2.2502333963270259e-09 2.3708833185310332e-11 2.3095003410281338e-10
3.0154178385803959e-01 2.2407362990132040e-09 2.3658376551304581e-11 2.3021667960849906e-10
3.3524953943523944e-01 2.2312617960005401e-09 2.3607946025939353e-11 2.2948435880086067e-10
3.7272530610368876e-01 2.2218102753346573e-09 2.3557546822568459e-11 2.2875311781725147e-10
4.1439028982446863e-01 2.2123799661454891e-09 2.3507159751549159e-11 2.2802277311997145e-10
4.6071278093748896e-01 2.2029720889681388e-09 2.3456797756523017e-11 2.2729345122289713e-10
5.1221341747429461e-01 2.1935864614682588e-09 2.3406455005670283e-11 2.2656511532797308e-10
5.6947103682867917e-01 2.1842238124842826e-09 2.3356147792949132e-11 2.2583788280045283e-10
6.3312918155449471e-01 2.1748830744961697e-09 2.3305853444738511e-11 2.2511158965899227e-10
7.0390333241207081e-01 2.1655655495618733e-09 2.3255598988316902e-11 2.2438643471347418e-10
7.8258894995850270e-01 2.1562691675134461e-09 2.3205361053640841e-11 2.2366219870854621e-10
8.7007041506463745e-01 2.1469556369218039e-09 2.3154738138437329e-11 2.2293496029956211e-10
9.6733096884500092e-01 2.1376634388181147e-09 2.3104127450613257e-11 2.2220863143895628e-10
1.0754637637197364e+00 2.1283944884038502e-09 2.3053551577892020e-11 2.2148342118771959e-10
1.1956841498161019e+00 2.1191478052982690e-09 2.3003001261727861e-11 2.2075923487568639e-10
1.3293433348015813e+00 2.1099235029458102e-09 2.2952467466159009e-11 2.2003603594769495e-10
1.4779435706772395e+00 2.1007208176047299e-09 2.2901957253213584e-11 2.1931381933161645e-10
1.6431550382221018e+00 2.0915410220200164e-09 2.2851473117440742e-11 2.1859266420679707e-10
1.8268346188599556e+00 2.0823830397562649e-09 2.2801004441606318e-11 2.1787246448117602e-10
2.0310467649335111e+00 2.0732472798352512e-09 2.2750562848529750e-11 2.1715329796556509e-10
2.2580867029557385e+00 2.0641335348916440e-09 2.2700139344876473e-11 2.1643511173135772e-10
2.5105062306295243e+00 2.0550419426338534e-09 2.2649738753942459e-11 2.1571793689628336e-10
2.7911423975792315e+00 2.0459722509374450e-09 2.2599356872913381e-11 2.1500174110557433e-10
3.1031493921490219e+00 2.0369250146058643e-09 2.2549003032094432e-11 2.1428659879191814e-10
3.4500339926571204e+00 2.0279000369878985e-09 2.2498669588843415e-11 2.1357246417630884e-10
3.8356949815576362e+00 2.0188971222483378e-09 2.2448359555530202e-11 2.1285934217974539e-10
4.2644669655023408e+00 2.0099166984280001e-09 2.2398077596494425e-11 2.1214727834395765e-10
4.7411690938145776e+00 2.0009573143628098e-09 2.2347813800146143e-11 2.1143614996973606e-10
5.2711592229427966e+00 1.9919832296015182e-09 2.2297176628050236e-11 2.1072221603358721e-10
5.8603941356708660e+00 1.9830314119064708e-09 2.2246563468995805e-11 2.1000931166449050e-10
6.5154964919142966e+00 1.9741014479703234e-09 2.2195969163278604e-11 2.0929739151795105e-10
7.2438292635906247e+00 1.9651941848136873e-09 2.2145403797664021e-11 2.0858654897158916e-10
8.0535784901688974e+00 1.9563087600792998e-09 2.2094856481754209e-11 2.0787668787645428e-10
8.9538452850228065e+00 1.9474460084547163e-09 2.2044337507382120e-11 2.0716790193204040e-10
9.9547481266857076e+00 1.9386046253717053e-09 2.1993831179421005e-11 2.0646004889908616e-10
1.1067536584702133e+01 1.9297858097063848e-09 2.1943351565382608e-11 2.0575325962105446e-10
1.2304717758288634e+01 1.9209884383390466e-09 2.1892887928684357e-11 2.0504742479604245e-10
1.3680196848901453e+01 1.9122133904339617e-09 2.1842448756160869e-11 2.0434263203248520e-10
1.5209433446665432e+01 1.9034600957646835e-09 2.1792029313784753e-11 2.0363882965235552e-10
1.6909615287233322e+01 1.8947288960561970e-09 2.1741631289352230e-11 2.0293604474715556e-10
1.8799851432002175e+01 1.8860199459967495e-09 2.1691258288903253e-11 2.0223430338575384e-10
2.0901387042920806e+01 1.8773327119471989e-09 2.1640902519621548e-11 2.0153354157183176e-10
2.3237842165833094e+01 1.8686678085053453e-09 2.1590573521493847e-11 2.0083383768974471e-10
2.5835477206143832e+01 1.8600253651021229e-09 2.1540273260147456e-11 2.0013520875766626e-10
2.8723488080600280e+01 1.8514021701152817e-09 2.1489968267178833e-11 1.9943732734123126e-10
3.1934334362524847e+01 1.8427675550425351e-09 2.1439314532120506e-11 1.9873694493477235e-10
3.5504104108661679e+01 1.8341558975193703e-09 2.1388694963426813e-11 1.9803769205753233e-10
3.9472919468080129e+01 1.8255657473268875e-09 2.1338086997526353e-11 1.9733938692126996e-10
4.3885387631944717e+01 1.8169978000621843e-09 2.1287507744180641e-11 1.9664214720940254e-10
4.8791102192566534e+01 1.8084517607330568e-09 2.1236944067288024e-11 1.9594589723916553e-10
5.4245200546721918e+01 1.7999279162171459e-09 2.1186405459544160e-11 1.9525069736472550e-10
6.0308983608129779e+01 1.7914261087357044e-09 2.1135888453449166e-11 1.9455652402489458e-10
6.7050604794297584e+01 1.7829457544097927e-09 2.1085387895910094e-11 1.9386332277131600e-10
7.4545836031550039e+01 1.7744876205691028e-09 2.1034911183827581e-11 1.9317117031410848e-10
8.2878919387694381e+01 1.7660511227401722e-09 2.0984451803900250e-11 1.9248000591618180e-10
9.2143513904181219e+01 1.7576364077434379e-09 2.0934011088421065e-11 1.9178984470650776e-10
1.0244374826960728e+02 1.7492440584574679e-09 2.0883599941264377e-11 1.9110076942151693e-10
1.1389539116600200e+02 1.7408732164047026e-09 2.0833201301984956e-11 1.9041265609064576e-10
1.2662715244191382e+02 1.7325245552288954e-09 2.0782831277850528e-11 1.8972561621576919e-10
1.4078212973672979e+02 1.7241975027948162e-09 2.0732474798257272e-11 1.8903955066358250e-10
1.5651941681544986e+02 1.7158928245696810e-09 2.0682148010234149e-11 1.8835457605331169e-10
1.7401589169066932e+02 1.7076060806121442e-09 2.0631803543916342e-11 1.8767023377647507e-10
1.9346820462922719e+02 1.6993114766626937e-09 2.0581141201422406e-11 1.8698374080262441e-10
2.1509498838756639e+02 1.6910393617840663e-09 2.0530500422722474e-11 1.8629831087293271e-10
2.3913931551757392e+02 1.6827888812083640e-09 2.0479876118056987e-11 1.8561387489886873e-10
2.6587143036159881e+02 1.6745606683274399e-09 2.0429281207201353e-11 1.8493052738972920e-10
2.9559178644269304e+02 1.6663540980034046e-09 2.0378704306791340e-11 1.8424818328875474e-10
3.2863442338858607e+02 1.6581698375160692e-09 2.0328150161162188e-11 1.8356690200561966e-10
3.6537072134406799e+02 1.6500068626973341e-09 2.0277612757077819e-11 1.8288660074096371e-10
4.0621357506920583e+02 1.6418660394974232e-09 2.0227099099647104e-11 1.8220736009088883e-10
4.5162203463784562e+02 1.6337467314075282e-09 2.0176597922552109e-11 1.8152909508557307e-10
5.0210646489516938e+02 1.6256487191150151e-09 2.0126116555082642e-11 1.8085182755882516e-10
5.5823428166362817e+02 1.6175734441655290e-09 2.0075664537649453e-11 1.8017568159657103e-10
6.2063632916889173e+02 1.6095192842522027e-09 2.0025223645661087e-11 1.7950048616046602e-10
6.9001397036439653e+02 1.6014867526850938e-09 1.9974803420301982e-11 1.7882631369624488e-10
7.6714696984564307e+02 1.5934762993306122e-09 1.9924407394764278e-11 1.7815320619037893e-10
8.5290225795364302e+02 1.5854876617365093e-09 1.9874029678831076e-11 1.7748112371956837e-10
9.4824367457097640e+02 1.5775210927464314e-09 1.9823675394459959e-11 1.7681010441753429e-10
1.0542428021250932e+03 1.5695706895420602e-09 1.9773287528646099e-11 1.7613956398950355e-10
1.1720910095555591e+03 1.5616164543575336e-09 1.9722607687979874e-11 1.7546722934939451e-10
1.3031128426124733e+03 1.5536841524332519e-09 1.9671954561751691e-11 1.7479596784541600e-10
1.4487809109852813e+03 1.5457734996157455e-09 1.9621314052304154e-11 1.7412570190345495e-10
1.6107324395846990e+03 1.5378851524403351e-09 1.9570705719291054e-11 1.7345655643214892e-10
1.7907876700046020e+03 1.5300183760987272e-09 1.9520113863430360e-11 1.7278842146034151e-10
1.9909703189856677e+03 1.5221731827045696e-09 1.9469535418755463e-11 1.7212128524837239e-10
2.2135303238220895e+03 1.5143494957541213e-09 1.9418975995910470e-11 1.7145516941554875e-10
2.4609691303565810e+03 1.5065481588420013e-09 1.9368446333654132e-11 1.7079017022345568e-10
2.7360678077861303e+03 1.4987678699986385e-09 1.9317929549291338e-11 1.7012614052433299e-10
3.0419183062726638e+03 1.4910092904878626e-09 1.9267425157250765e-11 1.6946311685750086e-10
3.3819582086761093e+03 1.4832726019754376e-09 1.9216951613587431e-11 1.6880119187650516e-10
3.7600093669992534e+03 1.4755572515809808e-09 1.9166481842060792e-11 1.6814021629575005e-10
4.1803208577957012e+03 1.4678635763343962e-09 1.9116039996581478e-11 1.6748031649679307e-10
4.6476167393349178e+03 1.4601915686317832e-09 1.9065618720766356e-11 1.6682146086753900e-10
5.1671491472872340e+03 1.4525414560760946e-09 1.9015216448612239e-11 1.6616365670869073e-10
5.7447573256937530e+03 1.4449129673896690e-09 1.8964836040481707e-11 1.6550690219520244e-10
6.3869332566949997e+03 1.4372986513098144e-09 1.8914388981756402e-11 1.6485038503801850e-10
7.1008946266586345e+03 1.4296846460428732e-09 1.8863699907397173e-11 1.6419254624471170e-10
7.8946659488033129e+03 1.4220923437393939e-09 1.8813024397614510e-11 1.6353572859702846e-10
8.7771687540901094e+03 1.4145222276339638e-09 1.8762370216229258e-11 1.6287999492166529e-10
9.7583218640749928e+03 1.4069735936442131e-09 1.8711740192762886e-11 1.6222531810485540e-10
1.0849152872731291e+04 1.3994465306159218e-09 1.8661127000279679e-11 1.6157167263164773e-10
1.2061922090233391e+04 1.3919407577531739e-09 1.8610527859572567e-11 1.6091903148266251e-10
1.3410260341758179e+04 1.3844568584367958e-09 1.8559953356704275e-11 1.6026747531454083e-10
1.4909322170083133e+04 1.3769945153699534e-09 1.8509392878865611e-11 1.5961694113842216e-10
1.6575956163889728e+04 1.3695536617896940e-09 1.8458852408654374e-11 1.5896745210916992e-10
1.8428894326163841e+04 1.3621340855566802e-09 1.8408323872296923e-11 1.5831896233571501e-10
2.0488962611084593e+04 1.3547364943532811e-09 1.8357822113234526e-11 1.5767157801484275e-10
2.2779314995714529e+04 1.3473598560659153e-09 1.8307332590977195e-11 1.5702517780286672e-10
2.5325693717321727e+04 1.3400053454740976e-09 1.8256859746107761e-11 1.5637985047296048e-10
2.8156718601250916e+04 1.3326722256073673e-09 1.8206421468749410e-11 1.5573563088401789e-10
3.1304208731221697e+04 1.3253605147439344e-09 1.8155988766284473e-11 1.5509239719816589e-10
3.4803540077442136e+04 1.3180703709566676e-09 1.8105574596207571e-11 1.5445021537491658e-10
3.8694043102071038e+04 1.3107928867756339e-09 1.8055076768174509e-11 1.5380812828114097e-10
4.3019444810884575e+04 1.3035190418761973e-09 1.8004361825317417e-11 1.5316503864650339e-10
4.7828360219552487e+04 1.2962674173743933e-09 1.7953679755614595e-11 1.5252310361577953e-10
5.3174838758320875e+04 1.2890371437754107e-09 1.7902999184376404e-11 1.5188214002802384e-10
5.9118971756374383e+04 1.2818283507369242e-09 1.7852350969318713e-11 1.5124228775864073e-10
6.5727567833651046e+04 1.2746410824482608e-09 1.7801712529143621e-11 1.5060345489326458e-10
7.3074903791123405e+04 1.2674755800348092e-09 1.7751095372164803e-11 1.4996570573559204e-10
8.1243559439118806e+04 1.2603311435646011e-09 1.7700493163062015e-11 1.4932897337477471e-10
9.0325345746666746e+04 1.2532083235822521e-09 1.7649909299585858e-11 1.4869330600616150e-10
1.0042233674373561e+05 1.2461065672651316e-09 1.7599339326077511e-11 1.4805865336680791e-10
1.1164801677434356e+05 1.2390268735189292e-09 1.7548798238862168e-11 1.4742513913200204e-10
1.2412855599500568e+05 1.2319682430257934e-09 1.7498262039442682e-11 1.4679260437565055e-10
1.3800422845438268e+05 1.2249308893602772e-09 1.7447744196253601e-11 1.4616111968930030e-10
1.5343098869252723e+05 1.2179149844022664e-09 1.7397245154452630e-11 1.4553069847429005e-10
1.7058222457979192e+05 1.2109209263147671e-09 1.7346772381575481e-11 1.4490139704614413e-10
1.8965070609629582e+05 1.2039480472818876e-09 1.7296308581530155e-11 1.4427310451135501e-10
2.1085075195510412e+05 1.1969965361706600e-09 1.7245869381927385e-11 1.4364589872839256e-10
2.3442063842071392e+05 1.1900557439938674e-09 1.7195305078841059e-11 1.4301851773664441e-10
2.6062527739657336e+05 1.1831228346736734e-09 1.7144579293009722e-11 1.4239064071898691e-10
2.8975919388179079e+05 1.1762111558868825e-09 1.7093856915743092e-11 1.4176375773460551e-10
3.2214983626192622e+05 1.1693211498983538e-09 1.7043166778731771e-11 1.4113801639813550e-10
3.5816125663962140e+05 1.1624523871759379e-09 1.6992490879155983e-11 1.4051331747658919e-10
3.9819820256985695e+05 1.1556053952164438e-09 1.6941827964157563e-11 1.3988968907005896e-10
4.4271066618857742e+05 1.1487794881010643e-09 1.6891185327646746e-11 1.3926712122451133e-10
4.9219894186426041e+05 1.1419753319035617e-09 1.6840560161584518e-11 1.3864564404352433e-10
5.4721924921751127e+05 1.1351920789537942e-09 1.6789950025371201e-11 1.3802519744265834e-10
6.0838998470817390e+05 1.1284301181298939e-09 1.6739357500368553e-11 1.3740581698464789e-10
6.7639867205418367e+05 1.1216897830009119e-09 1.6688772718838303e-11 1.3678748396408738e-10
7.5200968960085558e+05 1.1149703416861473e-09 1.6638211643899924e-11 1.3617022063723630e-10
8.3607286149177072e+05 1.1082725619135789e-09 1.6587669163073222e-11 1.3555405422338029e-10
9.2953300920105900e+05 1.1015959436223895e-09 1.6537139900571881e-11 1.3493893362660782e-10
1.0334405707807806e+06 1.0949407281504036e-09 1.6486625834404561e-11 1.3432488317016335e-10
1.1489634071776103e+06 1.0883069619767956e-09 1.6436138200389024e-11 1.3371195289611530e-10
1.2773999283150011e+06 1.0816943213083111e-09 1.6385664717750772e-11 1.3310007428399487e-10
1.4201936864704071e+06 1.0750906744226931e-09 1.6335030545732033e-11 1.3248779132280061e-10
1.5789496009686908e+06 1.0684981316786976e-09 1.6284276661323142e-11 1.3187540154852455e-10
1.7554519965478927e+06 1.0619272068492683e-09 1.6233544713494110e-11 1.3126412932787766e-10
1.9516846581381720e+06 1.0553775532076300e-09 1.6182814690565713e-11 1.3065387381240532e-10
2.1698531274580443e+06 1.0488494497844681e-09 1.6132121696856669e-11 1.3004479552621907e-10
2.4124094920287728e+06 1.0423422122603360e-09 1.6081427039573665e-11 1.2943669742655325e-10
2.6820799452211079e+06 1.0358565667470988e-09 1.6030758095922594e-11 1.2882973636795019e-10
2.9818954270933801e+06 1.0293920590663141e-09 1.5980090084595286e-11 1.2822378603629190e-10
3.3152256904062526e+06 1.0229488184496147e-09 1.5929453495320763e-11 1.2761897838070252e-10
3.6858171746964594e+06 1.0165269251021424e-09 1.5878830940310526e-11 1.2701525006694401e-10
4.0978351140922275e+06 1.0101261804425169e-09 1.5828221612994674e-11 1.2641258701986462e-10
4.5559103521378981e+06 1.0037463922227346e-09 1.5777625531306449e-11 1.2581097879104793e-10
5.0651913897993201e+06 9.9738809734259090e-10 1.5727045738222143e-11 1.2521047270934223e-10
5.6314022516395235e+06 9.9105094150660677e-10 1.5676482978127635e-11 1.2461105105908395e-10
6.2609068205470368e+06 9.8473516059076350e-10 1.5625935322942738e-11 1.2401272254619933e-10
6.9607803641020395e+06 9.7844045091122539e-10 1.5575407218763343e-11 1.2341548722640286e-10
7.7388890564953443e+06 9.7216710445023177e-10 1.5524900720331602e-11 1.2281937310189031e-10
8.6039783897806462e+06 9.6590061946224287e-10 1.5474201105719590e-11 1.2222261497999010e-10
9.5657714681514092e+06 9.5964926807263396e-10 1.5423423125715842e-11 1.2162619128821154e-10
1.0635078290013282e+07 9.5341870172544024e-10 1.5372650388255091e-11 1.2103079193033683e-10
1.1823917246119346e+07 9.4720980797488346e-10 1.5321901666998503e-11 1.2043654878679662e-10
1.3145650199337075e+07 9.4102178542235523e-10 1.5271159591077018e-11 1.1984334422613620e-10
1.4615132664265487e+07 9.3485534889630509e-10 1.5220448095562448e-11 1.1925131925853036e-10
1.6248880774634624e+07 9.2870992277974598e-10 1.5169739153254184e-11 1.1866032893516239e-10
1.8065256915104426e+07 9.2258555403077435e-10 1.5119046230267573e-11 1.1807043063233914e-10
2.0084676103857178e+07 9.1648255648793035e-10 1.5068376970496622e-11 1.1748167582202310e-10
2.2329835445604548e+07 9.1040048519333999e-10 1.5017716534088485e-11 1.1689397971419022e-10
2.4825969233928502e+07 9.0433974763014577e-10 1.4967073208037386e-11 1.1630740243299299e-10
2.7601132570158910e+07 8.9830013710533076e-10 1.4916441289956043e-11 1.1572191019013623e-10
3.0686516686500177e+07 8.9228147411098712e-10 1.4865821625968435e-11 1.1513749641581023e-10
3.4116799517456621e+07 8.8628409270965445e-10 1.4815227028839560e-11 1.1455423386441579e-10
3.7930535459776826e+07 8.8030769818127863e-10 1.4764635279184384e-11 1.1397201923675198e-10
4.2170588701593518e+07 8.7435269407468660e-10 1.4714069758088811e-11 1.1339097063264155e-10
4.6884614991128057e+07 8.6841832402843508e-10 1.4663516668500302e-11 1.1281098741666252e-10
5.2125597259761438e+07 8.6248979736877613e-10 1.4612740351763674e-11 1.1223020237686401e-10
5.7952441119565554e+07 8.5657921676153775e-10 1.4561924252670007e-11 1.1165011005146063e-10
6.4430636928342849e+07 8.5068971845688079e-10 1.4511122524125372e-11 1.1107112445814671e-10
7.1632995863402858e+07 8.4482156799439664e-10 1.4460342533931519e-11 1.1049329284076085e-10
7.9640468277119488e+07 8.3897419608039065e-10 1.4409574699865003e-11 1.0991654299116079e-10
8.8543053532112524e+07 8.3314829708080583e-10 1.4358805728100112e-11 1.0934087152609261e-10
9.8440811542075276e+07 8.2734347188972007e-10 1.4308071787908893e-11 1.0876639190069248e-10
1.0944498738738221e+08 8.2155961795883782e-10 1.4257345294582744e-11 1.0819299400613703e-10
1.2167926164550801e+08 8.1579682689373513e-10 1.4206633131435240e-11 1.0762071184675223e-10
1.3528114048924297e+08 8.1005527837969975e-10 1.4155936106890742e-11 1.0704956213255955e-10
1.5040350117662019e+08 8.0433451191178281e-10 1.4105245993654456e-11 1.0647948513993497e-10
1.6721631030294394e+08 7.9863505754632573e-10 1.4054578407898136e-11 1.0591057668095778e-10
1.8590853412711099e+08 7.9295642071789950e-10 1.4003919898863938e-11 1.0534275504833479e-10
2.0669026244315127e+08 7.8729895074229145e-10 1.3953281838305321e-11 1.0477608801170572e-10
2.2979506986811921e+08 7.8166257337156785e-10 1.3902650530571148e-11 1.0421052103677539e-10
2.5548264108579969e+08 7.7604726773470692e-10 1.3852035140899043e-11 1.0364608902159383e-10
2.8404168955250311e+08 7.7045246039506173e-10 1.3801435545738375e-11 1.0308275493908253e-10
3.1579320246945834e+08 7.6486184116778589e-10 1.3750573506104561e-11 1.0251838822693545e-10
3.5109404849348211e+08 7.5929238195587262e-10 1.3699716670726059e-11 1.0195512755733344e-10
3.9034098873443687e+08 7.5374413776845340e-10 1.3648878731349990e-11 1.0139302954129808e-10
4.3397513612084937e+08 7.4821700860601357e-10 1.3598057914031486e-11 1.0083208271418445e-10
4.8248691325429565e+08 7.4271086511354940e-10 1.3547250373363686e-11 1.0027226595323911e-10
5.3642156447606683e+08 7.3722566418012347e-10 1.3496451231169765e-11 9.9713560259798829e-11
5.9638528409845304e+08 7.3176140883130251e-10 1.3445667312889365e-11 9.9155992965090138e-11
6.6305202967854285e+08 7.2631853234141713e-10 1.3394901589005638e-11 9.8599606279782164e-11
7.3717109691166520e+08 7.2089653515290044e-10 1.3344148714283656e-11 9.8044348605163263e-11
8.1957554128204763e+08 7.1549534444194984e-10 1.3293405578420097e-11 9.7490205437647794e-11
9.1119154112501228e+08 7.1011521190588647e-10 1.3242671791268161e-11 9.6937194487444002e-11
1.0130488073363008e+09 7.0475597003241327e-10 1.3191950779662720e-11 9.6385318893746306e-11
1.1262921567274437e+09 6.9941792289723927e-10 1.3141251921143741e-11 9.5834635664971865e-11
1.2521943791052241e+09 6.9410044722019963e-10 1.3090556787282811e-11 9.5285036867326420e-11
1.3921705426935239e+09 6.8880425462614608e-10 1.3039880722521317e-11 9.4736629217174564e-11
1.5477938986825078e+09 6.8352898858226285e-10 1.2989217568201603e-11 9.4189367876857619e-11
1.7208135636627712e+09 6.7827092996028952e-10 1.2938508581670446e-11 9.3642784978237897e-11
1.9131741786851487e+09 6.7302199004038409e-10 1.2887602014783754e-11 9.3095773706674579e-11
2.1270377659022574e+09 6.6779395575800770e-10 1.2836704014157907e-11 9.2549897245707194e-11
2.3648080284482384e+09 6.6258723269607780e-10 1.2785831504897854e-11 9.2005246838296960e-11
2.6291573666728106e+09 6.5740123356468193e-10 1.2734961935120739e-11 9.1461702555949887e-11
2.9230569143770428e+09 6.5223632745521225e-10 1.2684108018602099e-11 9.0919337938926671e-11
3.2498099326401677e+09 6.4709240150508534e-10 1.2633265179566777e-11 9.0378130754137626e-11
3.6130889365654306e+09 6.4196951641825681e-10 1.2582438583353826e-11 8.9838105874481186e-11
4.0169769722273927e+09 6.3686743064500765e-10 1.2531621677706840e-11 8.9299225090082492e-11
4.4660135077505493e+09 6.3178609319769134e-10 1.2480809668803646e-11 8.8761469881551324e-11
4.9652454543075600e+09 6.2672585591838721e-10 1.2430016325191174e-11 8.8224916171036847e-11
5.5202838904846239e+09 6.2168665296030976e-10 1.2379231928103146e-11 8.7689526968671841e-11
6.1373671275619888e+09 6.1666810440911866e-10 1.2328461695268123e-11 8.7155296161069693e-11
6.8234308245281210e+09 6.1167081036119442e-10 1.2277710938726653e-11 8.6622287084860940e-11
7.5861859408784199e+09 6.0669409607162142e-10 1.2226960923072631e-11 8.6090388103300539e-11
8.4342054033444080e+09 6.0173841989718696e-10 1.2176226941569703e-11 8.5559687761186366e-11
9.3770204606356468e+09 5.9680348062986085e-10 1.2125509033375035e-11 8.5030167005641839e-11
1.0425227809167900e+10 5.9188224243639068e-10 1.2074671491861939e-11 8.4500849748052785e-11
1.1590608693806700e+10 5.8697512044739165e-10 1.2023716301901411e-11 8.3971774538197581e-11
1.2886261322252218e+10 5.8208880652140420e-10 1.1972770498979556e-11 8.3443866933566128e-11
1.4326748081323978e+10 5.7722385724185096e-10 1.1921847360598960e-11 8.2917215446808520e-11
1.5928259209774277e+10 5.7237966988081022e-10 1.1870931866269576e-11 8.2391726690117303e-11
1.7708794767214958e+10 5.6755652452160100e-10 1.1820026402482741e-11 8.1867431522910116e-11
1.9688366944386673e+10 5.6275367662511902e-10 1.1769120680290229e-11 8.1344242991663480e-11
2.1889224988617168e+10 5.5797246214815278e-10 1.1718242402118254e-11 8.0822355606808951e-11
2.4336105272505230e+10 5.5321157010728952e-10 1.1667366731214507e-11 8.0301591166396703e-11
2.7056509316452808e+10 5.4847180937541584e-10 1.1616502315774402e-11 7.9782040528695910e-11
3.0081012889863445e+10 5.4375244472007065e-10 1.1565642955130855e-11 7.9263631431826875e-11
3.3443609665119736e+10 5.3905436544511863e-10 1.1514805399126710e-11 7.8746488488051866e-11
3.7182093286818733e+10 5.3437700573850868e-10 1.1463970791255405e-11 7.8230508361375622e-11
4.1338482150495155e+10 5.2972056282012301e-10 1.1413153592549801e-11 7.7715757258120447e-11
4.5959491665108185e+10 5.2508468845407524e-10 1.1362337738718454e-11 7.7202157290209597e-11
5.1097059307239960e+10 5.2046991884458328e-10 1.1311540436762677e-11 7.6689808869219031e-11
5.6808928368321915e+10 5.1587547905119562e-10 1.1260751130638494e-11 7.6178621565596765e-11
6.3159296955858932e+10 5.1129273851782263e-10 1.1209792628916353e-11 7.5667359223292614e-11
7.0219539543062820e+10 5.0672778752269368e-10 1.1158780407982494e-11 7.5156865756472640e-11
7.8069009176681824e+10 5.0218379801546693e-10 1.1107781559351462e-11 7.4647605336230853e-11
8.6795929359394363e+10 4.9766084967272721e-10 1.1056796387982797e-11 7.4139587465181796e-11
9.6498385630992249e+10 4.9315862437079944e-10 1.1005815122707011e-11 7.3632758296160151e-11
1.0728542799317224e+11 4.8867737007664343e-10 1.0954849554060692e-11 7.3127178313066895e-11
1.1927829656853189e+11 4.8421647550656367e-10 1.0903882698484131e-11 7.2622747804089562e-11
1.3261178426949283e+11 4.7977672662686415e-10 1.0852930871777225e-11 7.2119582689418939e-11
1.4743575179273550e+11 4.7535760208195132e-10 1.0801987403366424e-11 7.1617624328848863e-11
1.6391681196683759e+11 4.7095960677966843e-10 1.0751057551546858e-11 7.1116930822216438e-11
1.8224020238417676e+11 4.6658258007155802e-10 1.0700149186533509e-11 7.0617518765228403e-11
2.0261186736443530e+11 4.6222518015750661e-10 1.0649218328556132e-11 7.0119144093057789e-11
2.2526077264973196e+11 4.5788944931819440e-10 1.0598317389294484e-11 6.9622137132748944e-11
2.5044147884726285e+11 4.5357427723816688e-10 1.0547420556113066e-11 6.9126331333159082e-11
2.7843700254340814e+11 4.4927994393744642e-10 1.0496537419192066e-11 6.8631782298755052e-11
3.0956199724663068e+11 4.4500666225599554e-10 1.0445669243528610e-11 6.8138513330864953e-11
3.4416628991106372e+11 4.4075206752932232e-10 1.0394777168433415e-11 6.7646218809241839e-11
3.8263881278933881e+11 4.3650905085719531e-10 1.0343689440651578e-11 6.7153794984360091e-11
4.2541197480632990e+11 4.3228675443686131e-10 1.0292609994094040e-11 6.6662611896913781e-11
4.7296652158561505e+11 4.2808550171128995e-10 1.0241543745393779e-11 6.6172713311488959e-11
5.2583693875244855e+11 4.2390510586362914e-10 1.0190486485850288e-11 6.5684074019753512e-11
5.8461745924335254e+11 4.1974502708418044e-10 1.0139427721352465e-11 6.5196621307143160e-11
6.4996874214089966e+11 4.1560612929878028e-10 1.0088387219412378e-11 6.4710488783710086e-11
7.2262529810005896e+11 4.1148765034851608e-10 1.0037348698801260e-11 6.4225568030502241e-11
8.0340374482346326e+11 4.0739014140674122e-10 9.9863202740249790e-12 6.3741930847662490e-11
8.9321198537252979e+11 4.0331294651871442e-10 9.9352932614681375e-12 6.3259501315259521e-11
9.9305941247316602e+11 3.9925711898281323e-10 9.8842855629089850e-12 6.2778421997327052e-11
1.1040682535067634e+12 3.9522177331389645e-10 9.8332812604500819e-12 6.2298575619587416e-11
1.2274861836973962e+12 3.9120718689459930e-10 9.7822858183222221e-12 6.1820004761756263e-11
1.3647003492604094e+12 3.8721309373326474e-10 9.7312919512453424e-12 6.1342668236719789e-11
1.5172529581242068e+12 3.8324004904452163e-10 9.6803122286121403e-12 6.0866653061015394e-11
1.6868586134562505e+12 3.7928808780418295e-10 9.6293537896609937e-12 6.0391987416714607e-11
1.8754235848117424e+12 3.7535572022026382e-10 9.5783756377394742e-12 5.9918427243697737e-11
2.0850672335019480e+12 3.7143930060549186e-10 9.5273051742361126e-12 5.9445455897064339e-11
2.3181458329904917e+12 3.6753960556060093e-10 9.4761409162439412e-12 5.8973133975327959e-11
2.5772790520455918e+12 3.6366074392458396e-10 9.4249855300885547e-12 5.8502115003083953e-11
2.8653793983030298e+12 3.5980225523315565e-10 9.3738282553254943e-12 5.8032331846910680e-11
3.1856849531690747e+12 3.5596426674123365e-10 9.3226710719863772e-12 5.7563804166595628e-11
3.5417957659841099e+12 3.5214705229712844e-10 9.2715254345930381e-12 5.7096592991210999e-11
3.9377143164970410e+12 3.4835110632419969e-10 9.2203980590447970e-12 5.6630762329671337e-11
4.3778905004245225e+12 3.4457549887709402e-10 9.1692692123650275e-12 5.6166179504873554e-11
4.8672716437075830e+12 3.4082082895503332e-10 9.1181491245964378e-12 5.5702927900049087e-11
5.4113581075959941e+12 3.3708721687939212e-10 9.0670456205579696e-12 5.5241044699995341e-11
6.0162651095305078e+12 3.3337279637819354e-10 9.0159103451961465e-12 5.4780233328816872e-11
6.6887914546527275e+12 3.2967992070166257e-10 8.9648024567871677e-12 5.4320870311309273e-11
7.4364959504464209e+12 3.2600739988081087e-10 8.9136910126366132e-12 5.3862767444801630e-11
8.2677823633651816e+12 3.2235726805178126e-10 8.8626319063553592e-12 5.3406265281001883e-11
9.1919938723115176e+12 3.1872802532487300e-10 8.8115852673619044e-12 5.2951122830954388e-11
1.0219518080568012e+13 3.1511795391139328e-10 8.7605008211226876e-12 5.2497050063513457e-11
1.1361903766456068e+13 3.1152841718563548e-10 8.7094312379773897e-12 5.2044321476815361e-11
1.2631990684929875e+13 3.0794881927324601e-10 8.6580888156109104e-12 5.1591192944205637e-11
1.4044053879003025e+13 3.0439344753681602e-10 8.6068425154731674e-12 5.1139967141278065e-11
1.5613964122982033e+13 3.0085798578622199e-10 8.5555801595024007e-12 5.0689952003964993e-11
1.7359366300799105e+13 2.9734257925731557e-10 8.5043069188779365e-12 5.0241178739230699e-11
1.9299877724310043e+13 2.9384848522325759e-10 8.4530513466896953e-12 4.9793841812294532e-11
2.1457308620544258e+13 2.9037639653874340e-10 8.4018417082962886e-12 4.9348087181069743e-11
2.3855907266051793e+13 2.8692255704742715e-10 8.3505639519221284e-12 4.8903264414863012e-11
2.6522632523520660e+13 2.8349060294138954e-10 8.2993270701112138e-12 4.8460006543150982e-11
2.9487456843813121e+13 2.8008004599573182e-10 8.2481132601176616e-12 4.8018223782329795e-11
3.2783703138994750e+13 2.7668839806001497e-10 8.1968547936652716e-12 4.7577509748778316e-11
3.6448419312607734e+13 2.7331990128249475e-10 8.1456729378065924e-12 4.7138585457430183e-11
4.0522794656699758e+13 2.6997016410419422e-10 8.0944372871693968e-12 4.6700698470743427e-11
4.5052622795662070e+13 2.6663997590066456e-10 8.0431761810881263e-12 4.6264003507393080e-11
5.0088816380107273e+13 2.6333057669966103e-10 7.9919138571474377e-12 4.5828681151678784e-11
5.5687979315638266e+13 2.6004373348146820e-10 7.9407169227929851e-12 4.5395081138356075e-11
6.1913042958040422e+13 2.5677822657732803e-10 7.8895473165711985e-12 4.4962991768642734e-11
6.8833973425350766e+13 2.5352655418483838e-10 7.8381939061359288e-12 4.4531156400211405e-11
7.6528557976596953e+13 2.5029297403271581e-10 7.7867661629565441e-12 4.4100265079115095e-11
8.5083279295633203e+13 2.4708331705018656e-10 7.7354399464193597e-12 4.3671335436364002e-11
9.4594287506535531e+13 2.4389162959542120e-10 7.6840341038879850e-12 4.3243334228454240e-11
1.0516848084542834e+14 2.4072031190397875e-10 7.6326190425416001e-12 4.2816676130710041e-11
1.1692470713489072e+14 2.3757395557603661e-10 7.5813442906907173e-12 4.2392195089929133e-11
1.2999509956479652e+14 2.3444143484026429e-10 7.5298479456088308e-12 4.1967887677982905e-11
1.4452656179301956e+14 2.3133227254172059e-10 7.4784465278747841e-12 4.1545496327911720e-11
1.6068241905764816e+14 2.2824340134604814e-10 7.4270309454937097e-12 4.1124446073276018e-11
1.7864425385828888e+14 2.2517750326287009e-10 7.3756941569350439e-12 4.0705240915593120e-11
1.9861394683842031e+14 2.2213675176167082e-10 7.3244978021283621e-12 4.0288252511459676e-11
2.2081594580717519e+14 2.1910493663651874e-10 7.2729266305326798e-12 3.9870596645874702e-11
2.4549978840300031e+14 2.1610197735676636e-10 7.2216193273458831e-12 3.9455843400764913e-11
2.7294290675252494e+14 2.1311698245069330e-10 7.1702254291425581e-12 3.9042044562995273e-11
3.0345374564732806e+14 2.1015065107291598e-10 7.1187767201575419e-12 3.8629356051661652e-11
3.3737522928517050e+14 2.0720782010043398e-10 7.0674109236039988e-12 3.8218600549419448e-11
3.7508861553979194e+14 2.0428206837514116e-10 7.0159590996567328e-12 3.7808733473887620e-11
4.1701778107911362e+14 2.0137321843810960e-10 6.9643736031023552e-12 3.7399612670024701e-11
4.6363398549401519e+14 1.9848606160108891e-10 6.9128239079369703e-12 3.6992146719347381e-11
5.1546116798383331e+14 1.9562130045168347e-10 6.8613359628882995e-12 3.6586475962109933e-11
5.7308183613016275e+14 1.9277461115096401e-10 6.8097474984864161e-12 3.6181767146904211e-11
6.3714361294548950e+14 1.8995273151175794e-10 6.7583129505574937e-12 3.5779335033921419e-11
7.0836651578157050e+14 1.8714500217675244e-10 6.7066423646763271e-12 3.5377147140564836e-11
7.8755104890842862e+14 1.8435980290445864e-10 6.6550393071829483e-12 3.4976803519421921e-11
8.7558720071971212e+14 1.8159638877993160e-10 6.6034764362474846e-12 3.4578167492529083e-11
9.7346444668798750e+14 1.7885151882226940e-10 6.5518305308153805e-12 3.4180612140485799e-11
1.0822828704972044e+15 1.7613299438410049e-10 6.5003885368932867e-12 3.3785638511727889e-11
1.2032655283476542e+15 1.7343021549920817e-10 6.4487582203006551e-12 3.3391214113926083e-11
1.3377721954008210e+15 1.7074755144907591e-10 6.3971133338888864e-12 3.2998216646146571e-11
1.4873146488664935e+15 1.6808742349712700e-10 6.3455312268492421e-12 3.2607086078720151e-11
1.6535736595049020e+15 1.6544170142874182e-10 6.2936750030985647e-12 3.2216169379971830e-11
1.8384178825188840e+15 1.6283418309415312e-10 6.2425394228277088e-12 3.1830349066707809e-11
2.0439248601584112e+15 1.6023106851769592e-10 6.1908060766355179e-12 3.1442949211138413e-11
2.2724043720950390e+15 1.5764444554641686e-10 6.1388884082443644e-12 3.1056214857418988e-11
2.5264243960105220e+15 1.5508113115209699e-10 6.0870232639611801e-12 3.0671426861574561e-11
2.8088399701821360e+15 1.5254750590712468e-10 6.0355773550719497e-12 3.0290152475895699e-11
3.1228252824628990e+15 1.5002484804014051e-10 5.9836700478751327e-12 2.9908316036266461e-11
3.4719093463189380e+15 1.4752312188441265e-10 5.9318473723134007e-12 2.9528294084415783e-11
3.8600156649013250e+15 1.4504855038637276e-10 5.8802173188391138e-12 2.9150979969196784e-11
4.2915063289544245e+15 1.4258807836803839e-10 5.8283615190623296e-12 2.8774030539082298e-11
4.7712310441948770e+15 1.4015167621818428e-10 5.7766027518014227e-12 2.8399255939578770e-11
5.3045816392016050e+15 1.3774013707460009e-10 5.7250226892533286e-12 2.8026947748123654e-11
5.8975526664529420e+15 1.3533458528534969e-10 5.6728317441949292e-12 2.7653249617892642e-11
6.5568087776327290e+15 1.3295946660937278e-10 5.6209946066283870e-12 2.7283026384149785e-11
7.2897596304635380e+15 1.3060300991756456e-10 5.5691035179913813e-12 2.6914087700434401e-11
8.1046431689780370e+15 1.2827562798676119e-10 5.5176029664868647e-12 2.6548591855703906e-11
9.0106182132489680e+15 1.2595734586052585e-10 5.4655453642936168e-12 2.6182184595657846e-11
1.0017867399234628e+16 1.2366236629630121e-10 5.4136122701281107e-12 2.5817991761075128e-11
1.1137711625722188e+16 1.2138481809936386e-10 5.3615372083996800e-12 2.5454767516617079e-11
1.2382737294688650e+16 1.1912820812335980e-10 5.3094622095140048e-12 2.5093227303649937e-11
1.3766937775185000e+16 1.1688941460193965e-10 5.2572380923569853e-12 2.4732696951484695e-11
1.5305870680718722e+16 1.1468010336963053e-10 5.2053895493625928e-12 2.4375656660998060e-11
1.7016832727838414e+16 1.1249199659199571e-10 5.1535375364430329e-12 2.4020344264635037e-11
1.8919054141233432e+16 1.1031090493142178e-10 5.1010703226617086e-12 2.3663822695392894e-11
2.1033914790345688e+16 1.0816208970253602e-10 5.0491473258331634e-12 2.3311512899685024e-11
2.3385184486748484e+16 1.0601930564523212e-10 4.9964830485853647e-12 2.2957604937122820e-11
2.5999290143091324e+16 1.0392520865015124e-10 4.9451290543103556e-12 2.2611468775270755e-11
2.8905612796328140e+16 1.0182759250531291e-10 4.8926175808951103e-12 2.2261764640240954e-11
3.2136817833592468e+16 9.9752385014810389e-11 4.8401747226116382e-12 2.1914133378572914e-11
3.5729222132274192e+16 9.7706942384953659e-11 4.7881217620661783e-12 2.1570129826187976e-11
3.9723202240732776e+16 9.5658381395132144e-11 4.7349998022678572e-12 2.1222827811508854e-11
4.4163648187370544e+16 9.3673632738726843e-11 4.6838214768530818e-12 2.0886442984778455e-11
4.9100468018608600e+16 9.1679162642529260e-11 4.6311548627416039e-12 2.0545098178192424e-11
5.4589148736490864e+16 8.9722389909814409e-11 4.5794153230952256e-12 2.0209500770115580e-11
6.0691379940519432e+16 8.7767784869248225e-11 4.5266314064224719e-12 1.9871288409930606e-11
6.7475747183107592e+16 8.5843984041554436e-11 4.4743937207873727e-12 1.9537221000443262e-11
7.5018502831551328e+16 8.3911681200768437e-11 4.4205775040412158e-12 1.9198165783918707e-11
8.3404423100577728e+16 8.2047191272221977e-11 4.3692383137839825e-12 1.8871733973741834e-11
9.2727760888003776e+16 8.0183405202107504e-11 4.3167532998309289e-12 1.8542337807524494e-11
1.0309330512284683e+17 7.8328085340976633e-11 4.2636429738620542e-12 1.8212012017707836e-11
1.1461755853232606e+17 7.6513982962872277e-11 4.2114993442048425e-12 1.7887989435093517e-11
1.2743004706519907e+17 7.4706849282292771e-11 4.1586814949104561e-12 1.7562786454103943e-11
1.4167477568856894e+17 7.2920051303773888e-11 4.1058291893782186e-12 1.7239339669067478e-11
1.5751184692050582e+17 7.1165582804445302e-11 4.0535414477767152e-12 1.6920338612062561e-11
1.7511926028982208e+17 6.9407744475484431e-11 3.9998456964791369e-12 1.6597399209586090e-11
1.9469491294792458e+17 6.7690934092262909e-11 3.9472745804403784e-12 1.6281152253562908e-11
2.1645882391842605e+17 6.5995699309406220e-11 3.8947129150745820e-12 1.5966946152566858e-11
2.4065560698383939e+17 6.4310017353644074e-11 3.8415818455053689e-12 1.5652143386518813e-11
2.6755722000312352e+17 6.2650774218931501e-11 3.7886024452966495e-12 1.5340278662676349e-11
2.9746602156087584e+17 6.0998728220543113e-11 3.7347595741917669e-12 1.5026945537451927e-11
3.3071816930308109e+17 5.9412807613442031e-11 3.6835697994835288e-12 1.4726561568083966e-11
3.6768739815481414e+17 5.7786637866962280e-11 3.6287540958390459e-12 1.4413293657849736e-11
4.0878922088480563e+17 5.6222758462475094e-11 3.5763190291876076e-12 1.4111964821546223e-11
4.5448559822887085e+17 5.4662752621790245e-11 3.5227351243806408e-12 1.3808242154377668e-11
5.0529013106160045e+17 5.3122989465937636e-11 3.4691879754990445e-12 1.3506556494380359e-11
5.6177383297342182e+17 5.1629906274972191e-11 3.4171719255807898e-12 1.3213219078293059e-11
6.2457154813335078e+17 5.0131700717396282e-11 3.3634612347339636e-12 1.2915316371160928e-11
6.9438908657062579e+17 4.8661054550866911e-11 3.3100873200681684e-12 1.2621002592307158e-11
7.7201115707152870e+17 4.7195502554717591e-11 3.2557363395457751e-12 1.2324888397251009e-11
8.5831018685272294e+17 4.5785007361995049e-11 3.2033367687934002e-12 1.2039031646173217e-11
9.5425612713896742e+17 4.4348904091126450e-11 3.1478677283339530e-12 1.1743405591878406e-11
1.0609273548544275e+18 4.2960913040689586e-11 3.0942050381219077e-12 1.1456938545011376e-11
1.1795227929560758e+18 4.1599737379076234e-11 3.0408792242650563e-12 1.1174069030774798e-11
1.3113753856349696e+18 4.0240674726803560e-11 2.9861219979059056e-12 1.0888198440658158e-11
1.4579670798386099e+18 3.8909232362379872e-11 2.9317543139933837e-12 1.0606150338514980e-11
1.6209454814983352e+18 3.7606605870038796e-11 2.8777682177133821e-12 1.0328074299671677e-11
1.8021423736677898e+18 3.6324442987545719e-11 2.8236609051991684e-12 1.0052010181810147e-11
2.0035943047060081e+18 3.5060071737085853e-11 2.7692981278490726e-12 9.7773053094697650e-12
2.2275654779039887e+18 3.3817827842930020e-11 2.7147742017573405e-12 9.5047502338342897e-12
2.4765731998213878e+18 3.2603380774827145e-11 2.6607754347708106e-12 9.2364216162057955e-12
2.7534161733574216e+18 3.1398121674104944e-11 2.6056262733885087e-12 8.9667115338413571e-12
3.0612059535543132e+18 3.0225648243350504e-11 2.5513672011286002e-12 8.7026170572023422e-12
3.4034019196777073e+18 2.9071193723377808e-11 2.4966537485462628e-12 8.4396676536564380e-12
3.7838501566407219e+18 2.7938342078127724e-11 2.4417913024299038e-12 8.1790112062731106e-12
4.2068266827756058e+18 2.6821918530017444e-11 2.3865528538220250e-12 7.9194600099943939e-12
