# k_modes  P_R(k)  P_S(k)  P_RS(k)  P_T(k)  beta_iso  cosDelta
4.5674636721891429e-05 2.3935800390535726e-08 3.1927983691018322e-87 7.2490588059613283e-48 6.9565805104658499e-12 1.3339008167716307e-79 8.2922406853408392e-01
5.1124119618518121e-05 7.1177744932332413e-09 4.4428289604348902e-88 -1.3147129719954995e-48 7.0303922317269704e-12 6.2418793467798388e-80 -7.3931418462714749e-01
5.7223785329327967e-05 3.5112831595770794e-09 1.6160570549035686e-90 3.8098508901490659e-50 7.1034514367750739e-12 4.6024686174789061e-82 5.0576259530503065e-01
6.4051207763603143e-05 2.3728568176039220e-09 2.0186864844173118e-88 -2.6984398372783357e-49 7.1772623331604617e-12 8.5074095893226015e-80 -3.8989039429513433e-01
7.1693216245057579e-05 1.8266985034905957e-09 6.0875168758699653e-88 3.7192913938347399e-49 7.2459397953790852e-12 3.3325241490248504e-79 3.5270099074107902e-01
8.0246999783840410e-05 2.6693380248907257e-09 1.8390539157323884e-81 1.2399581982821742e-45 7.3030389494040775e-12 6.8895505124633793e-73 5.5963907103523147e-01
8.9821343100249457e-05 2.4331658730152187e-09 1.4771102538076976e-89 1.5864388163141346e-49 7.3419056675934843e-12 6.0707338952491497e-81 8.3681799885887964e-01
1.0053801011956796e-04 1.1916535094021660e-09 1.6161692692865720e-90 3.2176812438824257e-50 7.3644000937654731e-12 1.3562409345795313e-81 7.3320361664164413e-01
1.1253329253294462e-04 2.2784662696913760e-09 6.9887619977688445e-90 -5.3056392817001743e-50 7.3761672509729685e-12 3.0673098350126069e-81 -4.2045187417503804e-01
1.2595974311849361e-04 1.3891240485804806e-09 1.1554672079145781e-85 -5.4577327961911389e-48 7.3807618081013859e-12 8.3179555425257237e-77 -4.3078735018569769e-01
1.4098811586652971e-04 2.2067206723153798e-09 2.6730670838153248e-89 3.0939311250771661e-50 7.3811679152252497e-12 1.2113300597354878e-80 1.2738903001968130e-01
1.5780953758292926e-04 1.9275014701502130e-09 6.0634222750157222e-89 6.7647718632317167e-50 7.3809177335663538e-12 3.1457419716225643e-80 1.9787771583056604e-01
1.7663793858848267e-04 1.8924727927710460e-09 1.4891207500167646e-88 1.1930373336545247e-49 7.3815472429827403e-12 7.8686507711232418e-80 2.2473683187531124e-01
1.9771277342722337e-04 1.8900238972820293e-09 1.3464041786163686e-83 -7.1271756423975750e-48 7.3832662006563482e-12 7.1237415598426061e-75 -4.4678243279899776e-02
2.2130206618496716e-04 1.8961088170968269e-09 1.9654450054484484e-84 -3.4211613499724457e-48 7.3852844354524553e-12 1.0365676208698737e-75 -5.6041723094259858e-02
2.4770581914760676e-04 1.8869771534651534e-09 4.1706173512210791e-88 -2.5081428135011045e-50 7.3869815354273642e-12 2.2102108356544537e-79 -2.8272796529586412e-02
2.7725982814956170e-04 1.8743259313302602e-09 2.9780028480690106e-90 4.3997881325958603e-50 7.3881914360635684e-12 1.5888393786215403e-81 5.8890691346372814e-01
3.1033995313495727e-04 1.8804847683130330e-09 2.1632977050496277e-87 -2.9737759092538358e-49 7.3888915239295916e-12 1.1503936333344001e-78 -1.4743995310776031e-01
3.4736689824338597e-04 1.8773979564254645e-09 1.4688769902848852e-82 -3.6755225130924955e-46 7.3891051359438089e-12 7.8240044166320669e-74 -6.9991967674438849e-01
3.8881156221209429e-04 1.8961490662907394e-09 1.5935224339728944e-84 4.9038837592163346e-47 7.3889611979347622e-12 8.4039934533741826e-76 8.9212320913606713e-01
4.3520102713957300e-04 1.9049587800473945e-09 2.9742832062374763e-74 8.4351126016957067e-43 7.3884492976342341e-12 1.5613373041927330e-65 1.1206162957419957e-01
4.8712526177403966e-04 1.9017538646871894e-09 1.4740924181900245e-85 -1.1945488022315369e-48 7.3879316745337405e-12 7.7512260948263719e-77 -7.1345138798142083e-02
5.4524462457742489e-04 1.8939067511471373e-09 3.8065742150191663e-87 1.2352214523278606e-48 7.3874454924148962e-12 2.0099058270495779e-78 4.6004294899285653e-01
6.1029826198683273e-04 1.8862227617645256e-09 3.0668043900687968e-89 -1.4629040806552679e-49 7.3869879966474187e-12 1.6258972440772900e-80 -6.0824188378746724e-01
6.8311350868028361e-04 1.8789282345188339e-09 2.0323811861247714e-87 -3.6422109682142974e-49 7.3865593966252881e-12 1.0816704697852573e-78 -1.8638348100372551e-01
7.6461640939681286e-04 1.8718853832060403e-09 1.3741170631241879e-85 3.3463413926139269e-48 7.3861612608030907e-12 7.3408183826441974e-77 2.0865017469732744e-01
8.5584349612459921e-04 1.8646780878771946e-09 7.6056558784783770e-81 1.7309135082723051e-45 7.3857928814204420e-12 4.0788036969624520e-72 4.5962653968339612e-01
9.5795497043622369e-04 1.8574109246408667e-09 2.2147070365802152e-87 8.2647641378300968e-49 7.3854053716223464e-12 1.1923624477488375e-78 4.0749128367414472e-01
1.0722494586204879e-03 1.8502154755133903e-09 2.7449618403402271e-87 1.4838453181873714e-49 7.3848401324045779e-12 1.4835903583492438e-78 6.5842956048664969e-02
1.2001805272625521e-03 1.8431232146229763e-09 1.2482110485731368e-85 2.9660158070813335e-49 7.3843176313924583e-12 6.7722604689153518e-77 1.9554749881698627e-02
1.3433751693131370e-03 1.8361082094734527e-09 1.7847675440439121e-86 -5.6317375192532115e-50 7.3838365856325023e-12 9.7203832259741170e-78 -9.8379008033878043e-03
1.5036544957476318e-03 1.8291045919699811e-09 1.8105009874564918e-83 -1.5629717495891860e-47 7.3833985729979299e-12 9.8982911934333237e-75 -8.5887997123541018e-02
1.6830568959660705e-03 1.8220811341849725e-09 8.4398743977317339e-82 -1.4253850058362083e-46 7.3829973239262521e-12 4.6319970276773314e-73 -1.1494242051766829e-01
1.8838639614817318e-03 1.8150441228649658e-09 2.2375800937859589e-83 -1.9383000459279505e-46 7.3826317482361652e-12 1.2327965285240774e-74 -9.6180740781012330e-01
2.1086295025888311e-03 1.8080173991805710e-09 1.0466872154612520e-86 3.1521368039750198e-49 7.3823032248532631e-12 5.7891434890816380e-78 7.2459493712105402e-02
2.3602120270355530e-03 1.8010006762601512e-09 8.2504234342182986e-85 3.8538189714981628e-49 7.3819312972992502e-12 4.5810218413413520e-76 9.9976114279420932e-03
2.6418110937573773e-03 1.7939700255403927e-09 4.8567704171703121e-85 -2.8712893283742571e-48 7.3813958085020378e-12 2.7072751205568892e-76 -9.7273732007348498e-02
2.9570080040077743e-03 1.7869735262913598e-09 1.7887184125746178e-81 7.3047587440853023e-47 7.3808877322836815e-12 1.0009764477523511e-72 4.0857880033944721e-02
3.3098113473851182e-03 1.7800075697285707e-09 4.9733604470559636e-80 4.0593934153495756e-46 7.3804075581888270e-12 2.7940108410967825e-71 4.3144481118206165e-02
3.7047079819978969e-03 1.7730652021794202e-09 9.8286952225669814e-76 -7.9497610401173688e-43 7.3799530661843380e-12 5.5433354681405535e-67 -6.0220420969726085e-01
4.1467200971203764e-03 1.7661407494406291e-09 1.3286899726283211e-85 -1.1493480727515441e-49 7.3795256494918951e-12 7.5231261893999268e-77 -7.5028642314191136e-03
4.6414690840460926e-03 1.7592307620325569e-09 2.4065312218710911e-83 -3.1304503269433375e-49 7.3791271989815289e-12 1.3679451688820315e-74 -1.5214218930702567e-03
5.1952470274316395e-03 1.7523359276393159e-09 1.1582645406951260e-83 7.4703876287972680e-49 7.3787652241030246e-12 6.6098316106290100e-75 5.2436123088739663e-03
5.8150967263383910e-03 1.7454307800171865e-09 1.0206919869349690e-85 2.4317044271066819e-49 7.3783370207515214e-12 5.8477941297959619e-77 1.8218479054070476e-02
6.5089012626582728e-03 1.7385005134336455e-09 2.0917934003758888e-85 4.9633692442904373e-50 7.3777724846527767e-12 1.2032170161655392e-76 2.6027339640188004e-03
7.2854842560307843e-03 1.7315897464455203e-09 8.6294021163883099e-80 1.2206901517623254e-44 7.3772399699453935e-12 4.9835142152476416e-71 9.9860235200561343e-01
8.1547220802662725e-03 1.7246996611475022e-09 1.9757974436111434e-85 1.1210970875667936e-48 7.3767381857786397e-12 1.1455892803368311e-76 6.0731677301117101e-02
9.1276694684138890e-03 1.7178312859963453e-09 9.2774020722959816e-85 1.1540579416337152e-48 7.3762670599056703e-12 5.4006479844236105e-76 2.8908407664215850e-02
1.0216700103885659e-02 1.7109851565384425e-09 4.5807733129327145e-82 4.4981289029378718e-46 7.3758262555719879e-12 2.6772723862784683e-73 5.0808851215183726e-01
1.1435663985636791e-02 1.7041622563911962e-09 1.7246471073803159e-84 4.8893850150606435e-49 7.3754190619153250e-12 1.0120204815664086e-75 9.0187976669394709e-03
1.2800063568730331e-02 1.6973627792377742e-09 2.6103031668412520e-82 -3.4229502870026980e-46 7.3750464075199213e-12 1.5378581401516577e-73 -5.1424227850771131e-01
1.4327250920394559e-02 1.6905563026849963e-09 9.7085727141578305e-84 -1.4049770521382925e-48 7.3745874763912036e-12 5.7428271976143951e-75 -1.0966719043389941e-02
1.6036648398950724e-02 1.6837366488077738e-09 4.8094947717308886e-85 7.3297941004654604e-49 7.3740139792885073e-12 2.8564412226439405e-76 2.5757574472200867e-02
1.7949995662146639e-02 1.6769403690125403e-09 3.5099397800410811e-80 1.1762710337344751e-46 7.3734747990895105e-12 2.0930617718433812e-71 1.5331998212220489e-02
2.0091626146281589e-02 1.6701655742376969e-09 1.1819492027285375e-83 1.4309600077052099e-48 7.3729624452892439e-12 7.0768384940996467e-75 1.0184702004886928e-02
2.2488776532309799e-02 1.6634131378455556e-09 1.1647361898410242e-84 -1.5603490161795676e-49 7.3724818256426062e-12 7.0020860322744882e-76 -3.5449319519797349e-03
2.5171933134629176e-02 1.6566827108316151e-09 7.3971836714653400e-84 3.2127298425913193e-47 7.3720324672369235e-12 4.4650575653995511e-75 2.9021598947751814e-01
2.8175219617835021e-02 1.6499737796592700e-09 7.4140012418818354e-81 2.0971578667251486e-45 7.3716130781362223e-12 4.4934054912150625e-72 5.9960642148946619e-01
3.1536830972315785e-02 1.6432874550847188e-09 1.1155576430667237e-83 -6.1349998556661153e-48 7.3712296829635659e-12 6.7885727455347234e-75 -4.5311848425263521e-02
3.5299519267876389e-02 1.6365860326000676e-09 9.1768468177309434e-85 -5.8125111049152438e-49 7.3707273414415638e-12 5.6073109723120116e-76 -1.4998493327608112e-02
3.9511137363072761e-02 1.6298801931399441e-09 1.9359781662308228e-83 4.7853468758706699e-48 7.3701487536137709e-12 1.1878039713466208e-74 2.6939240993365126e-02
4.4225247485006947e-02 1.6231942354800326e-09 4.7400128407970010e-82 9.5916464389716966e-48 7.3695939959025505e-12 2.9201759944614521e-73 1.0934984121969112e-02
4.9501802419336979e-02 1.6165296697649037e-09 8.2625675879586446e-83 1.1009057880215526e-47 7.3690700440292559e-12 5.1112996825850356e-74 3.0123178999069394e-02
5.5407907973693368e-02 1.6098859517401447e-09 2.6422744291619719e-82 -3.9366907024602638e-47 7.3685746017463970e-12 1.6412805058059586e-73 -6.0359381130743003e-02
6.2018676411306178e-02 1.6032636163956170e-09 5.8088419840269184e-79 2.8848034978746820e-46 7.3681102952841601e-12 3.6231359114142985e-70 9.4529853778662094e-03
6.9418181708583257e-02 1.5966627903613772e-09 1.4952642766993598e-81 -1.4833820369015089e-47 7.3676779259192957e-12 9.3649346983337183e-73 -9.6003581384232692e-03
7.7700528785348069e-02 1.5900842766417340e-09 1.4897284501830687e-81 -1.0646453803930918e-46 7.3672815285946181e-12 9.3688647329397078e-73 -6.9173754224402223e-02
8.6971050305920103e-02 1.5834881500484516e-09 1.4503499768402846e-81 1.4974493983754515e-47 7.3667519553667981e-12 9.1592095387383016e-73 9.8811693061777364e-03
9.7347646271632893e-02 1.5768900140307030e-09 1.4939485024059925e-81 1.2490672520561877e-47 7.3661517553514654e-12 9.4740184103728140e-73 8.1379929093585209e-03
1.0896228344136594e-01 1.5703132356817236e-09 5.1773347441898390e-82 1.3412605335795247e-46 7.3655821589348611e-12 3.2970076457020952e-73 1.4875339189195877e-01
1.2196267364931962e-01 1.5637580499512522e-09 1.1806377978900936e-81 1.5868349225078950e-48 7.3650444259174847e-12 7.5500030067112886e-73 1.1678542056216322e-03
1.3651415236442638e-01 1.5572239574310798e-09 3.1785330631788123e-81 4.4757253393049218e-48 7.3645364924761227e-12 2.0411534564510378e-72 2.0117523739033522e-03
1.5280178138241221e-01 1.5507107535617520e-09 1.7363051766804825e-80 -2.1846676729986750e-47 7.3640577425943060e-12 1.1196834565649641e-71 -4.2102409699708247e-03
1.7103270239198085e-01 1.5442193741818827e-09 4.3790381041495543e-81 4.6969186549943295e-46 7.3636129987988926e-12 2.8357616653200847e-72 1.8062138920220178e-01
1.9143877134714418e-01 1.5377497095341750e-09 6.2677489435363014e-81 -1.6123276646011380e-47 7.3632023826027872e-12 4.0759226970915623e-72 -5.1934347882502960e-03
2.1427950714893512e-01 1.5312581047735724e-09 2.7189659873285610e-74 1.5944044359834347e-42 7.3626348950855828e-12 1.7756418587123921e-65 2.4709980710595889e-01
2.3984539213704839e-01 1.5247702140779481e-09 4.9677925889229984e-78 -8.8180785041163298e-46 7.3620198345514219e-12 3.2580598329218406e-69 -1.0131879906981422e-02
2.6846156636617219e-01 1.5183038481639256e-09 9.0261688957883524e-80 8.8525895691367348e-45 7.3614372732288506e-12 5.9449028642742601e-71 7.5620449640242782e-01
3.0049196264982536e-01 1.5118584279281169e-09 6.3469594419826221e-80 -9.5934081076332169e-47 7.3608846778655107e-12 4.1981175781654576e-71 -9.7934226093676982e-03
3.3634393496007609e-01 1.5054338430786113e-09 3.1227849154429741e-81 2.4750177229214850e-47 7.3603618480751780e-12 2.0743421770410586e-72 1.1415013756726516e-02
3.7647343904588704e-01 1.4990294568585726e-09 1.9703183852988956e-80 -7.3744435208597487e-47 7.3598659517118433e-12 1.3143960422418752e-71 -1.3569253792193876e-02
4.2139083115579534e-01 1.4926476904405056e-09 6.6019404404276535e-80 -1.6987679497159096e-46 7.3594094119150740e-12 4.4229730047545978e-71 -1.7112741930150575e-02
4.7166735861152898e-01 1.4862870400186909e-09 9.4487848090469259e-80 -4.9715792166731592e-47 7.3589857594607590e-12 6.3573082147901274e-71 -4.1952228862431988e-03
5.2794242477792663e-01 1.4799002113085192e-09 1.9518326993253314e-78 -3.2759150512801401e-46 7.3583798614109302e-12 1.3188948041297542e-69 -6.0953004893075464e-03
5.9093172082310053e-01 1.4735224037637035e-09 7.6545800393640000e-80 3.9848979973102956e-47 7.3577493544865944e-12 5.1947496826736416e-71 3.7521323860922658e-03
6.6143632768637139e-01 1.4671656818707260e-09 3.4576270799031418e-79 1.4270123380235276e-46 7.3571503356137400e-12 2.3566711807861100e-70 6.3357651775280072e-03
7.4035290401038012e-01 1.4608304875182130e-09 6.5201194934696130e-75 -3.8880544943628722e-44 7.3565852483136509e-12 4.4632964256835602e-66 -1.2598088467319172e-02
8.2868508960472675e-01 1.4545148010300635e-09 6.8918769022911252e-79 1.4381467321918405e-47 7.3560443051221757e-12 4.7382652259092936e-70 4.5422953587916012e-04
9.2755626946735903e-01 1.4482203129566071e-09 5.0989862720893071e-79 3.6121515508897634e-46 7.3555362915928718e-12 3.5208636603635927e-70 1.3292501699776492e-02
1.0382238606930745e+00 1.4419469353611440e-09 3.5463908499485394e-79 -1.9408831739989256e-46 7.3550612182385730e-12 2.4594461578160122e-70 -8.5828487042380226e-03
1.1620953039662056e+00 1.4356948774817982e-09 7.2707366652144629e-79 -9.0062936788383843e-46 7.3546217934693814e-12 5.0642631517689189e-70 -2.7875702522185103e-02
1.3007459630130218e+00 1.4294129097339000e-09 1.0523479035303717e-78 -4.6437453679595410e-46 7.3539753641645825e-12 7.3620987775063345e-70 -1.1973190095478691e-02
1.4559391596542175e+00 1.4231454250202442e-09 3.1259159760449774e-78 -8.2861856231971153e-46 7.3533298003709101e-12 2.1964838737408100e-69 -1.2423425711547170e-02
1.6296485992579726e+00 1.4168989125400171e-09 2.5662080699587739e-78 -2.0855632838019003e-46 7.3527162059234226e-12 1.8111440747444975e-69 -3.4586610718336111e-03
1.8240834717943866e+00 1.4106728006993944e-09 4.8054598078022240e-78 -4.1218248944417175e-46 7.3521319380866577e-12 3.4065020644190031e-69 -5.0062083114942131e-03
2.0417165477198411e+00 1.4044669186773867e-09 6.1464576589880838e-78 3.8534139782322098e-46 7.3515763757040733e-12 4.3763634281797969e-69 4.1474147154533054e-03
2.2853156260071228e+00 1.3982815926633691e-09 6.6559324206299380e-79 4.1017396352827577e-46 7.3510515810411694e-12 4.7600801266017443e-70 1.3445170600324149e-02
2.5579787342689246e+00 1.3921171407983774e-09 1.2952976084285849e-78 -5.1893410733407212e-45 7.3505596900983209e-12 9.3045159093848481e-70 -1.2220515992146450e-01
2.8631735286404894e+00 1.3859741238956752e-09 4.4211689140274928e-77 -2.8442888438576004e-47 7.3501058539501579e-12 3.1899361162678406e-68 -1.1490199862424969e-04
3.2047813944983989e+00 1.3797973726759270e-09 3.2554390660165763e-77 -2.8544148665959422e-45 7.3494181736213615e-12 2.3593602441082349e-68 -1.3468047902505213e-02
3.5871468088767458e+00 1.3736393872894373e-09 9.2784641641357205e-74 6.3184749976971962e-42 7.3487523320906781e-12 6.7546579182216406e-65 5.5967751096679075e-01
4.0151325923585004e+00 1.3675031607723773e-09 2.5908081998529395e-77 1.6739564078632885e-45 7.3481239419889838e-12 1.8945537196342781e-68 8.8932877253571439e-03
4.4941817531208228e+00 1.3613864104481817e-09 3.4625593793947540e-77 4.6482031915155828e-46 7.3475209432174012e-12 2.5434067453742584e-68 2.1408970516212829e-03
5.0303867096503589e+00 1.3552899764874432e-09 1.0106203515559669e-76 -4.6491520973860823e-46 7.3469481197480470e-12 7.4568569759161825e-68 -1.2562139775573252e-03
5.6305667724842046e+00 1.3492141822828042e-09 2.2984113082283145e-76 -9.4611432836339090e-46 7.3464076669674145e-12 1.7035184912891409e-67 -1.6989840274995154e-03
6.3023548703687542e+00 1.3431587096671954e-09 5.3925900030325632e-77 1.7606361995451303e-45 7.3458983104560313e-12 4.0148568923539395e-68 6.5419505873545456e-03
7.0542946237961983e+00 1.3371215838713279e-09 6.5130722791155505e-77 -2.6881430642576881e-45 7.3454129964852506e-12 4.8709648828332037e-68 -9.1090687485753455e-03
7.8959490004738795e+00 1.3310530626500952e-09 6.9178949703216949e-77 -2.7714892368274702e-45 7.3446969561190648e-12 5.1973096824166642e-68 -9.1333169643757674e-03
8.8380219345777320e+00 1.3250056593922893e-09 3.8277865065066786e-76 -4.1089159970902143e-45 7.3440158747180943e-12 2.8888831374971513e-67 -5.7695845544966963e-03
9.8924944565104358e+00 1.3189787401431166e-09 6.1162211979785914e-76 2.4894001567677610e-44 7.3433664507727487e-12 4.6370885381480427e-67 2.7716234237431598e-02
1.1072777064426417e+01 1.3129717321479411e-09 9.2814689743228093e-76 -7.2636962601629794e-45 7.3427457555053886e-12 7.0690546849313326e-67 -6.5799353832770172e-03
1.2393880275343282e+01 1.3069847928884884e-09 3.2022264454007494e-74 3.5836030858659569e-44 7.3421550378775654e-12 2.4500869962868515e-65 5.5393475529128162e-03
1.3872605524863454e+01 1.3010178134959511e-09 4.9349648798853796e-75 6.5240310872206430e-45 7.3415940345903715e-12 3.7931570411205113e-66 2.5747339949431717e-03
1.5527758843316890e+01 1.2950716364296494e-09 1.8071134843473203e-73 1.4127555630428297e-43 7.3410679948646931e-12 1.3953772389991539e-64 9.2347983541924070e-03
1.7380390025800772e+01 1.2891384522910817e-09 2.2962345357793350e-75 8.0584897721762405e-45 7.3405387112615129e-12 1.7812163865707541e-66 4.6837721015764297e-03
1.9454060337816820e+01 1.2831804790908131e-09 3.4129676021398308e-75 -1.5170307851426170e-42 7.3398051452025573e-12 2.6597720724040791e-66 -7.2491058137588771e-01
2.1775142161113834e+01 1.2772429749622090e-09 6.3410542061687094e-77 1.5774837564660275e-44 7.3391040675879153e-12 4.9646420692635467e-68 5.5430322037157954e-02
2.4373154390551672e+01 1.2713257596478222e-09 1.3124257187157409e-74 -4.2593612691599072e-44 7.3384347311687699e-12 1.0323284246826747e-65 -1.0427463730240132e-02
2.7281137847473090e+01 1.2654286113326108e-09 1.3213158826741828e-74 -3.9056456665300645e-44 7.3377960769622896e-12 1.0441646971161160e-65 -9.5514803719070375e-03
3.0536075483989958e+01 1.2595506065553450e-09 2.0023880537714177e-74 3.6759588090068464e-45 7.3371831824694028e-12 1.5897638755838527e-65 7.3196228251127659e-04
3.4179362722229804e+01 1.2536931213120490e-09 3.0259931485595933e-74 -6.7982086541036404e-44 7.3366043509586443e-12 2.4136633575788856e-65 -1.1037352131936589e-02
3.8257333910189331e+01 1.2478559488072637e-09 1.9040994977598065e-74 5.4542621610670829e-44 7.3360589620631080e-12 1.5258968790266210e-65 1.1189455733540571e-02
4.2821851589520833e+01 1.2420270361934395e-09 1.1575016601260514e-72 1.7746298205876927e-43 7.3354846412485600e-12 9.3194562307883309e-64 4.6803834929673204e-03
4.7930966069398778e+01 1.2361790810517546e-09 1.0302007548138593e-73 -3.8610063018017977e-44 7.3347294837520066e-12 8.3337501063143161e-65 -3.4213608660240927e-03
5.3649653694751969e+01 1.2303517818389423e-09 1.1013745402535671e-73 2.0833211537734572e-44 7.3340091582062243e-12 8.9517043540783135e-65 1.7896745237144611e-03
6.0050643197956376e+01 1.2245443106496244e-09 1.4154210179822904e-73 -2.1198188618698608e-44 7.3333190139704395e-12 1.1558757046785881e-64 -1.6101586874172152e-03
6.7215340643307925e+01 1.2187562864153541e-09 1.7278375023475281e-73 4.8865673680193650e-44 7.3326570547359882e-12 1.4177055097943333e-64 3.3673945762512699e-03
7.5234864727471944e+01 1.2129882080780068e-09 2.9902118831688971e-73 -3.3914729633973880e-44 7.3320266105778264e-12 2.4651615434142767e-64 -1.7807751566492065e-03
8.4211205602579028e+01 1.2072398059396678e-09 4.4637963890540502e-70 -9.2753270803992590e-42 7.3314264506660548e-12 3.6975225361953729e-61 -1.2635146203930536e-02
9.4258521959571937e+01 1.2015115933980445e-09 1.1149230182906351e-72 -1.7055922476831946e-44 7.3308602862862174e-12 9.2793363328062055e-64 -4.6600308268431278e-04
1.0550459286775752e+02 1.1957874131856550e-09 3.8456956553392595e-73 -8.0833592503230204e-43 7.3302405305288796e-12 3.2160362393295955e-64 -3.7694452177214781e-02
1.1809244283467015e+02 1.1900497821071033e-09 6.9699980400459127e-69 3.5989577444717944e-41 7.3294645007596086e-12 5.8568961944640898e-60 1.2496196766736011e-02
1.3218216075332344e+02 1.1843321604514006e-09 1.1174696873765076e-72 -1.8343835252918916e-43 7.3287206593111427e-12 9.4354415483456196e-64 -5.0423792199539748e-03
1.4795293586972741e+02 1.1786343740081757e-09 9.7790451576420315e-75 -1.5613641939991278e-43 7.3280081559851260e-12 8.2969285244808228e-66 -4.5990320747645530e-02
1.6560533666356557e+02 1.1729560777024030e-09 3.0206710930717509e-72 -2.8209311314679828e-43 7.3273252167369036e-12 2.5752636015055813e-63 -4.7391438245408812e-03
1.8536386162421798e+02 1.1672970997142265e-09 4.4963099642880078e-72 -7.0802060518123101e-44 7.3266710464441748e-12 3.8518985144302840e-63 -9.7729814022857716e-04
2.0747979436221618e+02 1.1616578732849833e-09 1.7755045018270323e-67 -1.5813059351207348e-40 7.3260489242963117e-12 1.5284229054516617e-58 -1.1010724390553483e-02
2.3223439936667435e+02 1.1560387161006056e-09 6.7842565584580856e-72 -1.3755553809246102e-43 7.3254613018387265e-12 5.8685375013579372e-63 -1.5532478424873709e-03
2.5994249905147149e+02 1.1504193944821634e-09 1.0763306592349334e-71 1.5953725036930113e-43 7.3247937105458000e-12 9.3559849946672759e-63 1.4337094561933479e-03
2.9095647758210930e+02 1.1447919349262074e-09 9.9766468145617700e-72 2.9027592239814082e-42 7.3239946513434843e-12 8.7148122817661698e-63 2.7161605317073168e-02
3.2567076240282489e+02 1.1391842966362766e-09 2.3444302995047748e-71 7.0183073950068432e-43 7.3232278521975112e-12 2.0579903589149580e-62 4.2945407530022277e-03
3.6452684045883171e+02 1.1335964906166377e-09 3.5157553437745841e-71 -1.8794234325865488e-42 7.3224936423338617e-12 3.1014169264604319e-62 -9.4142573951151391e-03
4.0801887290864221e+02 1.1280275360886886e-09 5.4274228354915864e-71 1.2072562331427369e-42 7.3217859899202167e-12 4.8114276131153485e-62 4.8791343511363884e-03
4.5669997973287775e+02 1.1224780431616408e-09 7.3469549308471596e-71 1.1283878189033070e-42 7.3211092302736658e-12 6.5452994609616356e-62 3.9293053009249231e-03
5.1118927416554203e+02 1.1169477661872801e-09 1.1080622162026975e-70 5.8120924024002099e-43 7.3204622364147949e-12 9.9204479362995329e-62 1.6520911517146808e-03
5.7217973640974344e+02 1.1114378627374399e-09 1.5496501702410793e-70 8.0349121583032227e-43 7.3198531232865668e-12 1.3942751297174049e-61 1.9360728966724549e-03
6.4044702677369287e+02 1.1059233501304161e-09 2.0853498042569497e-70 9.8730101969209452e-43 7.3191339493554692e-12 1.8856187492659728e-61 2.0558793005855383e-03
7.1685935031004954e+02 1.1004058993081510e-09 2.3060763803463859e-70 -1.6485648784364709e-42 7.3183094967625026e-12 2.0956597759029337e-61 -3.2725986315864839e-03
8.0238849841445426e+02 1.0949082833592802e-09 3.7273908156084066e-70 9.6854842969836412e-43 7.3175186525117866e-12 3.4042950192799943e-61 1.5161075318544438e-03
8.9812220780734981e+02 1.0894299484044679e-09 5.7459247375959656e-70 3.1341733709513993e-42 7.3167580311826343e-12 5.2742489280850041e-61 3.9613516350090255e-03
1.0052779940772593e+03 1.0839706234145598e-09 6.7087599038566760e-70 4.0090607515893909e-42 7.3160261128643036e-12 6.1890606248384834e-61 4.7012436129714842e-03
1.1252186357168598e+03 1.0785302007218045e-09 8.5827898995579494e-69 2.6299859933116160e-41 7.3153225480886310e-12 7.9578577343628686e-60 8.6441648289619644e-03
1.2594695055736026e+03 1.0731094224122112e-09 1.3193741359049741e-69 -6.8161234298417578e-44 7.3146528114454988e-12 1.2294870479649611e-60 -5.7283752419059356e-05
1.4097379701316718e+03 1.0677080094922619e-09 7.6772592515946971e-70 -7.3198588110196980e-42 7.3140156487298818e-12 7.1904108457943873e-61 -8.0848757639962240e-03
1.5779351033400867e+03 1.0622990739105995e-09 9.4431439912664025e-69 2.4026649727373126e-39 7.3132463672147418e-12 8.8893459696841594e-60 7.5859767907909048e-01
1.7661999911375913e+03 1.0568919834447916e-09 3.6432772355384828e-69 -2.1166704386845560e-41 7.3123974210829286e-12 3.4471613869789514e-60 -1.0786780280372242e-02
1.9769269357727874e+03 1.0515042873924099e-09 1.9956000003125929e-69 -3.9858778455173377e-41 7.3115804468153721e-12 1.8978524616969601e-60 -2.7515772702549606e-02
2.2127959058966571e+03 1.0461353078305690e-09 3.8316083489259201e-69 1.2367203494703284e-41 7.3107909545844251e-12 3.6626317076246539e-60 6.1771339835837496e-03
2.4768066196836776e+03 1.0407856367698850e-09 1.0108650248053620e-68 4.8275896394041936e-42 7.3100334097211058e-12 9.7125189769395488e-60 1.4883432981507409e-03
2.7723166944414065e+03 1.0354547504700423e-09 1.4143497598012986e-68 4.0338160966859475e-42 7.3093045848439180e-12 1.3659213588611745e-59 1.0540764771533990e-03
3.1030843478850543e+03 1.0301427765023519e-09 2.2576646070356839e-68 -1.5593061344326177e-41 7.3086058299510240e-12 2.1916035898452270e-59 -3.2333518326146610e-03
3.4733161941404405e+03 1.0248498458720933e-09 2.4401925751654412e-68 7.5434811842942611e-42 7.3079385615214894e-12 2.3810244837271411e-59 1.5084455586953616e-03
3.8877207423319087e+03 1.0195471219452466e-09 9.5916972807534965e-68 5.0596116025949503e-41 7.3071200820345080e-12 9.4078018311238062e-59 5.1164153880409596e-03
4.3515682781360474e+03 1.0142498298361239e-09 6.6400299872833610e-68 1.4129569298838319e-40 7.3062412356925559e-12 6.5467400555109931e-59 1.7217553124352799e-02
4.8707578898585707e+03 1.0089722055855631e-09 2.5887693385941416e-56 -2.0516249313339033e-33 7.3053975543736425e-12 2.5657489118758564e-47 -4.0143172209063338e-01
5.4518924914540430e+03 1.0037129550387531e-09 1.0245255846436348e-67 3.9317914680005203e-41 7.3045800827531348e-12 1.0207356391091695e-58 3.8772544848866245e-03
6.1023627966110844e+03 9.9847254942272797e-10 1.4894161234160224e-67 4.1386980604810448e-41 7.3037925323389364e-12 1.4916946132140898e-58 3.3938110027076154e-03
6.8304413118629664e+03 9.9325086494416995e-10 1.9072249070830881e-67 3.6383976326710818e-41 7.3030343594622098e-12 1.9201844915486604e-58 2.6435025253609911e-03
7.6453875441024011e+03 9.8804830391195238e-10 2.8126818945357519e-67 1.5359691526452192e-41 7.3023090921739118e-12 2.8467048457039783e-58 9.2136793996563254e-04
8.5575657605018569e+03 9.8286491588396049e-10 2.9844351992364447e-67 -9.4525182949714476e-41 7.3016185406619101e-12 3.0364652873506317e-58 -5.5191161434942132e-03
9.5785767984782706e+03 9.7766726715644736e-10 6.3443394485925035e-67 -2.8344094927948407e-42 7.3007378138075470e-12 6.4892624124003482e-58 -1.1380827757414031e-04
1.0721405602025501e+04 9.7248003443642281e-10 8.4299369995540859e-67 -2.2043166555155741e-41 7.2998290776941457e-12 8.6684936461851901e-58 -7.6987722236808713e-04
1.2000586360742594e+04 9.6731212014540613e-10 6.8865704046875449e-67 2.4417772326470395e-40 7.2989543875507062e-12 7.1192847285448642e-58 9.4606555220375921e-03
1.3432387351751089e+04 9.6216244330297998e-10 1.6367145764802513e-66 6.1065686791185445e-41 7.2981059579393962e-12 1.7010792594040780e-57 1.5388155644263006e-03
1.5035017835271714e+04 9.5703150660309106e-10 2.3256890000080679e-66 -6.4360457021116068e-41 7.2972878894099555e-12 2.4301070382342168e-57 -1.3642067127983399e-03
1.6828859635101995e+04 9.5191926343382356e-10 3.0604034467201871e-66 8.4162466691958602e-41 7.2965002648518171e-12 3.2149821568695916e-57 1.5592977659327537e-03
1.8836726349174030e+04 9.4682595362136558e-10 4.9123848384896254e-66 -3.6387676237593977e-42 7.2957454936578218e-12 5.1882659317702662e-57 -5.3354745633190178e-05
2.1084153486762269e+04 9.4175123953798232e-10 6.8636917945604987e-66 -6.8342422193421540e-41 7.2950233437342390e-12 7.2882216729842433e-57 -8.5004786290648448e-04
2.3599723222227640e+04 9.3665955309607831e-10 8.7547724718414155e-66 -5.0311953951366986e-41 7.2940825584067006e-12 9.3468031611944603e-57 -5.5559441181958925e-04
2.6415427895430130e+04 9.3158253694283987e-10 1.6852823971747688e-65 3.2127130728992403e-40 7.2931432567218280e-12 1.8090532296851917e-56 2.5640407835259443e-03
2.9567076881709319e+04 9.2652406119523991e-10 1.8468380572334599e-65 1.4154666033375610e-40 7.2922333828045418e-12 1.9932974593784335e-56 1.0820737666141483e-03
3.3094752005896982e+04 9.2148438719010563e-10 2.2519552698647751e-65 5.8935040623383245e-40 7.2913552890450916e-12 2.4438344275497619e-56 4.0911906352603675e-03
3.7043317292192980e+04 9.1646290179754521e-10 4.4872430363940399e-65 1.5968638286445765e-40 7.2905045845023240e-12 4.8962626065853688e-56 7.8744574877767594e-04
4.1462989532768559e+04 9.1145992751661042e-10 5.0417417878593699e-65 4.3347821541008778e-40 7.2896841440439087e-12 5.5315013152539168e-56 2.0221258784607716e-03
4.6409976931434430e+04 9.0647560256778234e-10 8.3468598848644048e-65 2.3528087534297614e-40 7.2888956897610943e-12 9.2080358933215329e-56 8.5535619622888279e-04
5.1947193944470433e+04 9.0150986559846832e-10 6.4147093118040449e-65 8.5545985831417874e-40 7.2881421977806632e-12 7.1155175961891813e-56 3.5573443207481585e-03
5.8145061409773487e+04 8.9652419471898927e-10 1.4248197881996421e-64 3.5615607556391737e-40 7.2871371011521349e-12 1.5892708714305744e-55 9.9650476790358951e-04
6.5082402140148573e+04 8.9155768632811395e-10 1.7058435440845648e-64 -8.0786578751370331e-40 7.2861676106711768e-12 1.9133294123794641e-55 -2.0715474910916673e-03
7.2847443370660199e+04 8.8660862929854588e-10 2.5086729763335082e-64 -1.4812082228978035e-39 7.2852200938837748e-12 2.8295156323013501e-55 -3.1407119835592701e-03
8.1538938808896113e+04 8.8167839926888598e-10 3.9379725181807854e-64 2.8323702932608956e-39 7.2843058251881897e-12 4.4664500360293162e-55 4.8068280827780500e-03
9.1267424558081955e+04 8.7676638780032741e-10 4.7896646814386275e-64 -1.3326413920683938e-39 7.2834204003455078e-12 5.4628744305027049e-55 -2.0564530431580632e-03
1.0215662488553775e+05 8.7187275266005244e-10 4.6816937256853813e-64 6.5624050879256810e-40 7.2825653926978764e-12 5.3696984008293661e-55 1.0271526312793091e-03
1.1434502571465778e+05 8.6699763632439321e-10 1.1901016439294149e-63 -3.7655301385326018e-39 7.2817427528265319e-12 1.3726699982422215e-54 -3.7070218312700086e-03
1.2798763585166843e+05 8.6213718005159904e-10 1.5118361939956999e-63 -7.5115853005111646e-40 7.2809265416920691e-12 1.7535912253606975e-54 -6.5794720584969578e-04
1.4325795834597031e+05 8.5726152009609269e-10 1.8337529563109314e-63 2.1711990244075656e-39 7.2798837817030238e-12 2.1390823142340289e-54 1.7316996001805881e-03
1.6035019705529028e+05 8.5240445573860432e-10 3.1846114899847578e-63 -3.7703772731821042e-39 7.2788732160822493e-12 3.7360333683677281e-54 -2.2884094077160739e-03
1.7948172647815541e+05 8.4756559612542691e-10 3.8951669355149237e-63 -1.7648281252653623e-38 7.2778918394010126e-12 4.5957114745116408e-54 -9.7129850194749862e-03
2.0089585626434663e+05 8.4274496089375200e-10 6.0357099838547338e-63 5.3110638611858392e-40 7.2769401828796676e-12 7.1619650830705811e-54 2.3548825928482070e-04
2.2486492556164082e+05 8.3794235017881714e-10 7.0179534489629910e-63 5.3387036587786471e-40 7.2760168790521544e-12 8.3752222900123830e-54 2.2015243981192453e-04
2.5169376655189871e+05 8.3315799380098672e-10 1.1031921128953790e-62 5.5978128075998389e-39 7.2751244334149265e-12 1.3241091378868704e-53 1.8464141280555573e-03
2.8172358122483519e+05 8.2839177083285962e-10 1.2961010418983024e-62 -1.3076332297319036e-39 7.2742623892733548e-12 1.5645991275302155e-53 -3.9906958604356746e-04
3.1533628069323313e+05 8.2363685817265229e-10 1.8807378010004316e-62 1.2644980220339118e-39 7.2733807274933601e-12 2.2834551202250685e-53 3.2128181230693599e-04
3.5295934223583451e+05 8.1887134421603438e-10 2.7245867451668122e-62 -2.1386852776347644e-39 7.2722986712349251e-12 3.3272464159498205e-53 -4.5278155150483570e-04
3.9507124583849491e+05 8.1412426815377865e-10 3.9667877897741789e-62 -4.5174514230676966e-39 7.2712488409555651e-12 4.8724598257828849e-53 -7.9492957853435008e-04
4.4220755937405402e+05 8.0939537093453229e-10 6.5937004755261172e-62 3.3916787834770150e-39 7.2702293643287467e-12 8.1464519223936191e-53 4.6426906730666860e-04
4.9496774981062056e+05 8.0468428941528220e-10 5.7613727522651218e-62 -1.6354632770244033e-38 7.2692372427834351e-12 7.1597927635092519e-53 -2.4019560053959122e-03
5.5402280707136134e+05 7.9999106019580504e-10 1.0802327803661995e-61 -6.4248486511330200e-39 7.2682732413271102e-12 1.3503060647975276e-52 -6.9113304544137486e-04
6.2012377750402573e+05 7.9531600504039091e-10 1.7635128136735086e-61 3.0131525418275389e-39 7.2673408040497818e-12 2.2173737262887685e-52 2.5442626796896644e-04
6.9411131548656861e+05 7.9065892545551710e-10 2.5628150170366738e-61 2.1591183609663544e-38 7.2664387006553382e-12 3.2413660739492394e-52 1.5167822286720556e-03
7.7692637464359624e+05 7.8600775559387606e-10 3.2441467506433058e-61 1.4131385669938831e-38 7.2654693390040601e-12 4.1273724432809930e-52 8.8495479712769564e-04
8.6962217464169755e+05 7.8135415976347589e-10 5.2884233059826661e-61 -3.2717560592311944e-38 7.2643617493508047e-12 6.7682794542023397e-52 -1.6095106171306998e-03
9.7337759575413249e+05 7.7671688446968134e-10 5.6103217883561888e-61 -7.1096510402703890e-38 7.2632682062794372e-12 7.2231232518998807e-52 -3.4058304669526635e-03
1.0895121715433146e+06 7.7209763618471399e-10 8.9301674022106108e-61 -6.7474901597662538e-38 7.2622049712233671e-12 1.1566111568918452e-51 -2.5696640481086327e-03
1.2195028703340581e+06 7.6749615808409475e-10 1.1929097035755915e-60 -6.4318430656528493e-39 7.2611699090277161e-12 1.5542875244528378e-51 -2.1256587681428322e-04
1.3650028788998027e+06 7.6291234287814246e-10 1.9697401364285061e-60 -7.1083166820020551e-38 7.2601624787829105e-12 2.5818695356238672e-51 -1.8336860453881058e-03
1.5278626272477426e+06 7.5834646036135956e-10 2.4326868124567388e-60 -4.4022812121340971e-38 7.2591857078477931e-12 3.2078831241561271e-51 -1.0249456789767396e-03
1.7101533218903397e+06 7.5379864118335896e-10 3.5611392921262810e-60 1.8570252117064775e-38 7.2582415938897474e-12 4.7242580412930804e-51 3.5842281319262961e-04
1.9141932868931447e+06 7.4925492109886257e-10 4.3681258186868633e-60 -2.8704240365602404e-38 7.2572129825899149e-12 5.8299594646379353e-51 -5.0174573145415327e-04
2.1425774476972604e+06 7.4470966992005991e-10 6.8772183472285121e-60 -1.5055027171118136e-38 7.2560435653896968e-12 9.2347643988116071e-51 -2.1036895060379241e-04
2.3982103326836964e+06 7.4018242627831083e-10 1.0799329961768760e-59 1.5230372058560551e-38 7.2549053434122379e-12 1.4590092358810176e-50 1.7035022930547163e-04
2.6843430121847820e+06 7.3567211363531351e-10 1.4218448908485186e-59 1.8553951000113141e-37 7.2537879317983292e-12 1.9327154917188471e-50 1.8141289230600597e-03
3.0046144447229388e+06 7.3118086419364622e-10 2.0181804624102660e-59 4.3337244786712766e-37 7.2527129771330845e-12 2.7601658648929993e-50 3.5675403176453832e-03
3.3630977563072820e+06 7.2670646875866242e-10 8.3093976863141617e-60 -2.9027842196813009e-37 7.2516588010838396e-12 1.1434324646246810e-50 -3.7355148573333698e-03
3.7643520413555186e+06 7.2224997321344524e-10 3.9253241549842430e-59 6.6245012471563248e-38 7.2506364808385387e-12 5.4348553832679746e-50 3.9343378917822825e-04
4.2134803440315686e+06 7.1781112821569386e-10 4.7355545558406216e-59 1.1366349619716694e-37 7.2496442133228809e-12 6.5972152975840227e-50 6.1649632899440194e-04
4.7161945573899010e+06 7.1337337061849133e-10 7.6665182174390616e-59 -3.7053047524697336e-38 7.2485361534794924e-12 1.0746852256052433e-49 -1.5844057165241904e-04
5.2788880656962842e+06 7.0893834695744114e-10 1.0348950409489043e-58 -4.1344546760367071e-38 7.2473191749218575e-12 1.4597814399381488e-49 -1.5263911813828706e-04
5.9087170537707591e+06 7.0452095082899737e-10 1.5843303065271340e-58 2.5940271424058054e-37 7.2461310557386472e-12 2.2488050989298196e-49 7.7643426799765011e-04
6.6136915174230980e+06 7.0012106760023341e-10 2.0397133007348170e-58 -2.0577550477168332e-37 7.2449707927200917e-12 2.9133722653515202e-49 -5.4453091161659904e-04
7.4027771324267676e+06 6.9573864461223932e-10 2.9564750511004266e-58 2.4340107989606697e-37 7.2438382528688641e-12 4.2494046780284550e-49 5.3667619019332781e-04
8.2860092775740642e+06 6.9137373124981317e-10 3.5337465241528119e-58 8.7600897573517211e-37 7.2427344292459527e-12 5.1111958184537501e-49 1.7722885089361451e-03
9.2746206619266197e+06 6.8702653427851128e-10 5.4976886055425078e-58 -1.1201050617356225e-36 7.2416619812580216e-12 8.0021488708816283e-49 -1.8225604250618011e-03
1.0381184179390708e+07 6.8269673212558559e-10 7.9751692689644845e-58 -5.1686556581551734e-37 7.2406184297571615e-12 1.1681862375602247e-48 -7.0047676333824386e-04
1.1619772807402890e+07 6.7836527073091770e-10 1.1302410343091533e-57 -7.6238203459310952e-37 7.2394272928017326e-12 1.6661245542410411e-48 -8.7067347798639415e-04
1.3006138583275154e+07 6.7404009840721442e-10 1.5263486373785802e-57 7.9967146676406960e-37 7.2381552682183141e-12 2.2644775006493046e-48 7.8839137022863773e-04
1.4557912934372408e+07 6.6973262064742642e-10 2.3083668693391526e-57 -1.5474124798451877e-36 7.2369140306676909e-12 3.4466991724364100e-48 -1.2445230726270862e-03
1.6294830909867128e+07 6.6544241875864339e-10 2.7174791268001829e-57 9.5670643489192070e-37 7.2356995048464630e-12 4.0837179148716324e-48 7.1144338526079492e-04
1.8238982165791325e+07 6.6116970714817433e-10 4.2309591597752174e-57 4.5340842953996086e-37 7.2345143882628820e-12 6.3992029792541895e-48 2.7109012623553400e-04
2.0415091895345431e+07 6.5691409952946981e-10 5.9267446036705466e-57 -5.4150916576896822e-36 7.2333549169422552e-12 9.0220998573720930e-48 -2.7443747437119409e-03
2.2850835277261097e+07 6.5267616296124540e-10 7.7361068700426126e-57 5.1957841273026044e-36 7.2322279151427211e-12 1.1852902417859509e-47 2.3122830342981980e-03
2.5577189441286378e+07 6.4845557583061278e-10 1.2282407676499110e-56 2.4144614290176649e-36 7.2311312357345975e-12 1.8941016369188374e-47 8.5553622538297785e-04
2.8628827426997241e+07 6.4423024621141067e-10 1.5685320018780186e-56 2.2885237215417991e-36 7.2298473051048454e-12 2.4347382183656259e-47 7.1992651855373128e-04
3.2044559146197241e+07 6.4001538674470687e-10 2.4552342874254534e-56 1.4879176848502454e-36 7.2285207815691845e-12 3.8362113447200792e-47 3.7535069810049087e-04
3.5867824956945352e+07 6.3581773081744046e-10 2.9548012567991812e-56 -4.7224211149581553e-36 7.2272212457823045e-12 4.6472457649149459e-47 -1.0895176173605450e-03
4.0147248126356021e+07 6.3163719739755138e-10 4.5410319381581748e-56 -1.4922915736135315e-36 7.2259479183874575e-12 7.1893041715528619e-47 -2.7863942135169178e-04
4.4937253208242990e+07 6.2747395831070845e-10 6.4375602674186786e-56 6.3160796205068060e-36 7.2247031974844859e-12 1.0259485962971182e-46 9.9377733826134574e-04
5.0298758199969329e+07 6.2332787128359580e-10 9.1709302602971298e-56 -2.0464939658316621e-36 7.2234858948470271e-12 1.4712851266239347e-46 -2.7067335115011330e-04
5.6299949281165712e+07 6.1919916942867971e-10 1.1345875829367607e-55 3.3637974371056693e-36 7.2222994614488458e-12 1.8323467455287732e-46 4.0132446890246188e-04
6.3017147987239011e+07 6.1508762142351749e-10 1.6299766470950749e-55 1.2300975334705220e-35 7.2211440668090257e-12 2.6499909774200405e-46 1.2285147158081684e-03
7.0535781846149713e+07 6.1096912018819953e-10 2.5960084442686638e-55 -1.5513237258199917e-35 7.2197658581823503e-12 4.2490010681210923e-46 -1.2317987355263825e-03
7.8951470822753221e+07 6.0686421053906476e-10 3.5202282409683374e-55 -3.8818121019856894e-36 7.2183764256829298e-12 5.8006851942074362e-46 -2.6558487308956887e-04
8.8371243387816548e+07 6.0277627225915349e-10 4.3084766998068925e-55 -1.4189196321377529e-35 7.2170124165589752e-12 7.1477211331811276e-46 -8.8047666226975731e-04
9.8914897677347764e+07 5.9870563044230636e-10 6.9915115023951887e-55 -2.2907638665665837e-35 7.2156780458908752e-12 1.1677711293996121e-45 -1.1196650309988232e-03
1.1071652505309331e+08 5.9465181244811206e-10 9.0060774503969363e-55 9.6629540269632667e-37 7.2143680461562086e-12 1.5145127386932476e-45 4.1755212777715751e-05
1.2392621544044088e+08 5.9061537561919385e-10 1.2462642430722612e-54 -1.8848992558642139e-36 7.2130896961802626e-12 2.1101114100961108e-45 -6.9475343258790622e-05
1.3871196613175756e+08 5.8659575380028995e-10 1.9706090125285381e-54 -1.7950669010038894e-35 7.2118367161028209e-12 3.3593986996357356e-45 -5.2797207067263585e-04
1.5526181833080566e+08 5.8259325641513178e-10 2.4441087494236990e-54 1.4972466903523424e-35 7.2106176915910682e-12 4.1952232067755495e-45 3.9678054739576924e-04
1.7378624861023346e+08 5.7858159340369946e-10 3.3532498644200863e-54 6.4942956795198687e-35 7.2091364789876464e-12 5.7956386837221597e-45 1.4744049943882821e-03
1.9452084569606978e+08 5.7458664673799603e-10 4.6954904259672274e-54 -5.0832646484624010e-36 7.2076788915636492e-12 8.1719449148777548e-45 -9.7864341163450948e-05
2.1772930662182659e+08 5.7060870240747087e-10 7.0674815025152072e-54 -4.5864723658707336e-35 7.2062484542898784e-12 1.2385863504528762e-44 -7.2223286252609759e-04
2.4370679035649911e+08 5.6664773640923757e-10 8.8488029116978448e-54 -1.1608944006249838e-34 7.2048450981588942e-12 1.5616056225286265e-44 -1.6394337682623934e-03
2.7278367155702478e+08 5.6270355662687820e-10 1.2963735347862171e-53 -4.1086566793830756e-35 7.2034668806346804e-12 2.3038303552892352e-44 -4.8105523451644048e-04
3.0532974218436998e+08 5.5877626388643428e-10 1.8617614107266063e-53 1.3275110960035056e-35 7.2021155643306204e-12 3.3318548604365750e-44 1.3015389605001144e-04
3.4175891441832542e+08 5.5486609314186587e-10 2.9623348273401178e-53 1.5088079856433690e-34 7.2007949833840435e-12 5.3388283478744126e-44 1.1768545977973769e-03
3.8253448468136907e+08 5.5097007118490429e-10 3.7209812049357414e-53 7.0153634813370522e-35 7.1994755825045406e-12 6.7535087648835077e-44 4.8995640032819014e-04
4.2817502571805018e+08 5.4706818929652989e-10 5.0347990103828674e-53 -8.0970782763214778e-35 7.1979172265688245e-12 9.2032384790222772e-44 -4.8788395695036193e-04
4.7926098166381079e+08 5.4318325603657322e-10 7.1128400987440740e-53 4.0492097632207773e-35 7.1963862672965183e-12 1.3094733719599702e-43 2.0600395840055140e-04
5.3644204997750425e+08 5.3931510428741623e-10 9.9161828000457939e-53 2.4021091426013372e-36 7.1948809309356597e-12 1.8386621700773247e-43 1.0387216468102445e-05
6.0044544411906266e+08 5.3546364243205060e-10 1.4576488978876514e-52 -2.2962218839495262e-34 7.1934002062212679e-12 2.7222182467274135e-43 -8.2190645898657787e-04
6.7208514205487335e+08 5.3162918165609326e-10 2.1345981011978144e-52 -3.1837920800057968e-34 7.1919487859919197e-12 4.0152011493204091e-43 -9.4510972670432732e-04
7.5227223821079648e+08 5.2781136174604036e-10 3.0995585974896741e-52 -2.6060724436699779e-34 7.1905223134486991e-12 5.8724741870582272e-43 -6.4431344088158328e-04
8.4202653052620506e+08 5.2401053857670099e-10 4.0952222443100398e-52 -2.3725709840151410e-34 7.1891265122645428e-12 7.8151524498597649e-43 -5.1216567188730792e-04
9.4248948997015190e+08 5.2022051325399710e-10 5.4132375211956828e-52 2.4392100052118515e-34 7.1876904532937067e-12 1.0405659491079459e-42 4.5964962955094145e-04
1.0549387774623802e+09 5.1642883129401220e-10 7.5296483695284906e-52 1.1784316786011198e-34 7.1860533717975505e-12 1.4580224637461666e-42 1.8897824911951499e-04
1.1808044928215134e+09 5.1265379042684578e-10 1.0966553510129328e-51 2.4494468584974306e-34 7.1844407756453165e-12 2.1391733982886105e-42 3.2667872681893095e-04
1.3216873623902721e+09 5.0889554211124116e-10 1.4965256481690655e-51 2.3462771536935948e-34 7.1828553161384085e-12 2.9407324771611673e-42 2.6885796452695804e-04
1.4793790966429007e+09 5.0515392886287904e-10 2.1205805946919557e-51 3.9013361427963134e-34 7.1812949313913475e-12 4.1978899371632409e-42 3.7694163687830936e-04
1.6558851766774337e+09 5.0142894536324256e-10 3.1488114065524787e-51 -1.4308852970661088e-33 7.1797600801065875e-12 6.2796761847711710e-42 -1.1387458204670125e-03
1.8534503593854306e+09 4.9772064100397410e-10 4.2255636436671094e-51 5.9139500682905447e-34 7.1782521073158297e-12 8.4898300282333879e-42 4.0779557030642114e-04
2.0745872256667624e+09 4.9402897725524671e-10 5.8036680571544221e-51 1.7371805139422159e-33 7.1767713306535964e-12 1.1747626808044257e-41 1.0259293519006092e-03
2.3221081347583599e+09 4.9034538922460669e-10 8.1437095287359606e-51 -1.4038028952452219e-33 7.1752128185731529e-12 1.6608108708055309e-41 -7.0249614995580010e-04
2.5991609910631595e+09 4.8666367542478111e-10 1.1989911484727659e-50 7.8318776972780232e-34 7.1734864114897325e-12 2.4636955848949165e-41 3.2422271826956165e-04
2.9092692783522625e+09 4.8299880970672473e-10 1.7180398009346527e-50 1.5431845278299464e-33 7.1717888331996837e-12 3.5570269872462849e-41 5.3570810832320129e-04
3.2563768704847498e+09 4.7935039248976410e-10 2.2193332405739024e-50 -2.1735297374779141e-33 7.1701146077913914e-12 4.6298767568471189e-41 -6.6638894505714622e-04
3.6448981885354996e+09 4.7571844917055561e-10 3.1440375555056859e-50 -2.6924996481216319e-33 7.1684643287323843e-12 6.6090301122176545e-41 -6.9620445095858034e-04
4.0797743422159815e+09 4.7210211393769450e-10 4.3672162389866506e-50 -3.4868124107449423e-33 7.1668254981562894e-12 9.2505754794459845e-41 -7.6790635636764574e-04
4.5665359695798635e+09 4.6850418576968000e-10 6.6915212573669513e-50 1.4466121555797709e-33 7.1652414073970601e-12 1.4282735268146678e-40 2.5836456023329044e-04
5.1113735741914005e+09 4.6492184086565858e-10 8.5434240632672899e-50 -1.5704514393414929e-33 7.1636696879924650e-12 1.8376043696634923e-40 -2.4918308353573436e-04
5.7212162542859936e+09 4.6134502171027611e-10 1.2023444787930225e-49 -3.4299670675680317e-33 7.1619808841862840e-12 2.6061720018907949e-40 -4.6053492861768147e-04
6.4038198251796484e+09 4.5777349538586913e-10 1.6904791778912748e-49 -6.2583365844911114e-34 7.1601600111315485e-12 3.6928288660887330e-40 -7.1142427789787702e-05
7.1678654556437740e+09 4.5421857725425899e-10 2.5610347989544288e-49 -2.8990953504082837e-32 7.1583658248906631e-12 5.6383312510814203e-40 -2.6879569775672082e-03
8.0230700726764402e+09 4.5067989392808884e-10 3.3383991515401454e-49 -1.3594057256962576e-33 7.1565928012940921e-12 7.4074730124810619e-40 -1.1082707529055309e-04
8.9803099387689400e+09 4.4715768247173917e-10 4.5828100015835044e-49 1.4398472383957117e-33 7.1548449623482284e-12 1.0248756045633059e-39 1.0058197135852929e-04
1.0051758973289127e+10 4.4365188971428831e-10 6.9454402376380612e-49 -5.4138546071932691e-33 7.1531222195120777e-12 1.5655157565340075e-39 -3.0841502765172280e-04
1.1251043577116045e+10 4.4016231012742848e-10 1.0129109068838675e-48 -1.5029724070381685e-32 7.1514216267136128e-12 2.3012213530745656e-39 -7.1180159608879451e-04
1.2593415929544905e+10 4.3668966198840995e-10 1.3433945444751563e-48 -1.3260178982925940e-32 7.1497560326397825e-12 3.0763140541458730e-39 -5.4747102700935363e-04
1.4095947961403788e+10 4.3321949394279892e-10 1.9115070872772198e-48 -6.6006686747132035e-33 7.1479207497899173e-12 4.4123293480639397e-39 -2.2937494736006170e-04
1.5777748471282640e+10 4.2975807734586714e-10 2.5114045983023596e-48 3.4721567421582499e-33 7.1459950798249817e-12 5.8437635746429352e-39 1.0568879723666107e-04
1.7660206146098213e+10 4.2631309495570255e-10 3.5415473497768549e-48 -4.1960621828079020e-34 7.1440944097847249e-12 8.3073857962182723e-39 -1.0798938123592436e-05
1.9767261576665775e+10 4.2288430267928398e-10 4.8529276764894072e-48 -4.1328129253803334e-32 7.1422151972835274e-12 1.1475781072370222e-38 -9.1229029591945448e-04
2.2125711727700130e+10 4.1947186306002710e-10 7.2869189112331213e-48 1.8805784769732521e-32 7.1403607106800113e-12 1.7371651242768462e-38 3.4014812043402074e-04
2.4765550734411079e+10 4.1607559844043240e-10 9.7488361506976300e-48 1.2219492920586530e-32 7.1385282077098783e-12 2.3430444340497236e-38 1.9186275452810932e-04
2.7720351359853745e+10 4.1269578277470654e-10 1.3822827159012933e-47 2.4016212678490186e-32 7.1367234293070740e-12 3.3493986941366223e-38 3.1797360199004211e-04
3.1027691964307861e+10 4.0933214893124246e-10 1.8736890818665581e-47 -1.3054912837485674e-32 7.1349436173027479e-12 4.5774295685269784e-38 -1.4906898203682719e-04
3.4729634416764549e+10 4.0596904856319834e-10 2.8622102721092524e-47 3.0565999581131722e-32 7.1329513697834459e-12 7.0503164766850054e-38 2.8355765289804843e-04
3.8873259026471466e+10 4.0261796077962446e-10 3.7918369241591976e-47 -2.6487353842140153e-32 7.1309137615640711e-12 9.4179527331983192e-38 -2.1437156336938880e-04
4.3511263297655060e+10 3.9928300270809049e-10 5.2231325649548075e-47 -2.3915567280446363e-32 7.1288974194413396e-12 1.3081279517358663e-37 -1.6560549806024754e-04
4.8702632122216705e+10 3.9596403279241338e-10 7.9820416808413703e-47 1.0561343860061966e-32 7.1269000806073034e-12 2.0158501832983414e-37 5.9406548089179389e-05
5.4513387933734978e+10 3.9266102115826949e-10 1.0632254219233053e-46 4.1914864785555264e-32 7.1249213698820408e-12 2.7077437398471799e-37 2.0513817975656320e-04
6.1017430363035271e+10 3.8937459515250327e-10 1.5383010999436932e-46 3.8706967273258705e-32 7.1229731582562667e-12 3.9506971412482598e-37 1.5815563265332837e-04
6.8297476073833878e+10 3.8610406714459302e-10 2.0268967398992681e-46 -9.6977004253631860e-33 7.1210442462777266e-12 5.2496125070348212e-37 -3.4665763018354311e-05
7.6446110731035995e+10 3.8284988515267860e-10 2.8554258382340743e-46 6.9777840185380328e-32 7.1191476432577270e-12 7.4583432017887242e-37 2.1104147794376028e-04
8.5566966480344376e+10 3.7959456479961182e-10 4.0528743779583926e-46 -5.9800328577349320e-32 7.1169923294903872e-12 1.0676850391938323e-36 -1.5246213820615655e-04
9.5776039914033371e+10 3.7635302763289297e-10 5.6637033572165219e-46 -1.0821432297693104e-32 7.1148166432560694e-12 1.5048911371429388e-36 -2.3438876478430783e-05
1.0720316728444099e+11 3.7312795240049086e-10 7.8175907013803701e-46 1.0708969467020355e-32 7.1126694502283276e-12 2.0951501089871405e-36 1.9828155836852863e-05
1.1999367572653227e+11 3.6991880625879400e-10 1.1082864597033385e-45 1.8020604230544605e-31 7.1105408552342994e-12 2.9960262656340453e-36 2.8144279145953980e-04
1.3431023148934331e+11 3.6672600979585787e-10 1.5779999906223076e-45 3.2781088929962207e-31 7.1084397981714254e-12 4.3029399291877854e-36 4.3092235169292416e-04
1.5033490868162695e+11 3.6354915273264661e-10 2.2000461001176163e-45 -7.0965692898298974e-33 7.1063582110343598e-12 6.0515781252157840e-36 -7.9350741332207069e-06
1.6827150484143506e+11 3.6038836445380994e-10 3.0470760222686513e-45 5.5212755169265154e-32 7.1043002008240529e-12 8.4549789138910650e-36 5.2688082588960682e-05
1.8834813277843436e+11 3.5724176980468857e-10 4.2820132922243244e-45 1.3881468990619792e-31 7.1022386978613163e-12 1.1986317542221866e-35 1.1223551549414609e-04
2.1082012165132425e+11 3.5409496876888799e-10 6.0123846451138392e-45 1.6473233471530531e-31 7.0999130417717266e-12 1.6979582246021757e-35 1.1290043028723329e-04
2.3597326417545685e+11 3.5096405934580295e-10 8.4612124785921555e-45 3.6724588733179666e-31 7.0976056599058206e-12 2.4108487046690357e-35 2.1311269347956655e-04
2.6412745125778049e+11 3.4784907233330532e-10 1.1858444189610348e-44 -7.8056343889742536e-32 7.0953174469970806e-12 3.4090774225919777e-35 -3.8432525464741367e-05
2.9564074028343738e+11 3.4474975648260913e-10 1.6632168138968289e-44 2.3820049951047416e-31 7.0930431967724556e-12 4.8244176612804361e-35 9.9475527420472888e-05
3.3091390879335925e+11 3.4166676326359418e-10 2.2893353236047323e-44 2.5741768376114517e-32 7.0907973782371161e-12 6.7004917356814184e-35 9.2041207336110566e-06
3.7039555146531842e+11 3.3859940546274591e-10 3.2762461678186822e-44 -1.4514216594261257e-31 7.0885659347102789e-12 9.6758769063436775e-35 -4.3577492934062627e-05
4.1458778522050000e+11 3.3554824530699923e-10 4.5699736431060495e-44 -1.1400894275193590e-30 7.0863619193857774e-12 1.3619423457049812e-34 -2.9114181466971512e-04
4.6405263501155981e+11 3.3250828221784458e-10 6.4069155485089808e-44 6.6734405918967506e-31 7.0840968493691789e-12 1.9268438986766218e-34 1.4458527497248136e-04
5.1941918150492126e+11 3.2947184117008862e-10 8.9570181135853744e-44 -8.5860708518769974e-31 7.0816183600695306e-12 2.7185989800449584e-34 -1.5805330813431856e-04
5.8139156155965283e+11 3.2645110153424135e-10 1.2827550733488408e-43 -9.0728414769694863e-31 7.0791544657631984e-12 3.9293942257207942e-34 -1.4020463888363859e-04
6.5075792325080261e+11 3.2344640108371744e-10 1.7352576063928195e-43 -2.1538532871643882e-32 7.0767128133845639e-12 5.3649000285017352e-34 -2.8749677502090978e-06
7.2840044932479285e+11 3.2045660510244215e-10 2.4825397044670333e-43 3.5988633843999220e-31 7.0742701204082105e-12 7.7468826197962934e-34 4.0348987901485172e-05
8.1530657656254016e+11 3.1748340745687587e-10 3.4696618916571612e-43 3.4396392199417855e-30 7.0718618971498167e-12 1.0928640080595234e-33 3.2772441567926601e-04
9.1258155373505908e+11 3.1452602463006578e-10 4.8978471050534298e-43 -7.8936841051903016e-31 7.0694735798744294e-12 1.5572152132129931e-33 -6.3598787757823759e-05
1.0214624978602821e+12 3.1158409129676970e-10 6.8886307954056577e-43 -9.5312750459454463e-31 7.0670965761228327e-12 2.2108416276120302e-33 -6.5057431039581195e-05
1.1433341275248730e+12 3.0865148468966728e-10 9.5945731847709591e-43 1.0258066787149435e-30 7.0646180137123761e-12 3.1085459363391025e-33 5.9609915633849304e-05
1.2797463733630649e+12 3.0572496698604250e-10 1.3462286787102889e-42 -4.4310141774980686e-31 7.0619590652651676e-12 4.4033979036188735e-33 -2.1841289089087070e-05
1.4324340896579026e+12 3.0281447652138899e-10 1.9334951618236222e-42 6.8519000516607144e-30 7.0593222448894398e-12 6.3850816646378261e-33 2.8317255394124004e-04
1.6033391177518481e+12 2.9991971727667309e-10 2.6293557537216645e-42 2.1092978730105148e-30 7.0567014410167120e-12 8.7668652718024158e-33 7.5112242900414458e-05
1.7946349818631001e+12 2.9704046190272941e-10 3.7147114943194612e-42 7.0865856133403485e-30 7.0540918600001097e-12 1.2505742384469836e-32 2.1333724757773928e-04
2.0087545313824365e+12 2.9417701169477042e-10 5.2598070821295634e-42 9.8306111997282157e-30 7.0515016118926658e-12 1.7879735237731585e-32 2.4991438019285030e-04
2.2484208811980649e+12 2.9132881505801996e-10 7.3071696526097884e-42 -1.0693132644557457e-29 7.0489171363104616e-12 2.5082207028352207e-32 -2.3176008294351630e-04
2.5166820435388335e+12 2.8849668924818839e-10 1.0214622027923421e-41 9.2076866572306208e-30 7.0463607378637057e-12 3.5406375215404877e-32 1.6961683855978046e-04
2.8169496917747490e+12 2.8567221567952148e-10 1.4168010105185406e-41 -1.0384823374091379e-29 7.0436612323982123e-12 4.9595338039733087e-32 -1.6323402286709209e-04
3.1530425491620015e+12 2.8285542558090003e-10 2.0255672728363637e-41 1.4216501043350662e-29 7.0407928977571333e-12 7.1611398956780031e-32 1.8781796415887894e-04
3.5292349543390049e+12 2.8005519271206491e-10 2.7512892903110868e-41 -2.1543931379419669e-30 7.0379613135701815e-12 9.8240966848980684e-32 -2.4543416278508055e-05
3.9503112212166606e+12 2.7727017830819406e-10 3.9868615527691937e-41 7.3450550383072862e-30 7.0351343217088695e-12 1.4378977130161032e-31 6.9859889799641842e-05
4.4216264845968770e+12 2.7450058421566471e-10 5.5018601702828461e-41 8.5365165892988473e-30 7.0323159146692013e-12 2.0043163791448409e-31 6.9463118664039406e-05
4.9491748053377188e+12 2.7174734332607516e-10 7.7054149737938806e-41 -1.0575167737300389e-29 7.0295321001451704e-12 2.8355070115802372e-31 -7.3081355650078602e-05
5.5396654012087627e+12 2.6900862218780368e-10 1.0737009567073540e-40 1.6949650547599486e-29 7.0267342736031213e-12 3.9913254377317628e-31 9.9732333047508259e-05
6.2006079729195645e+12 2.6628747740109065e-10 1.5305686107776700e-40 -1.1734091495108347e-29 7.0240072325444754e-12 5.7478054383769578e-31 -5.8122956514223618e-05
6.9404082104749590e+12 2.6356864756486174e-10 2.1239467307937084e-40 3.1618374548927301e-29 7.0209857682388502e-12 8.0584195063300366e-31 1.3363519618399258e-04
7.7684746944818809e+12 2.6086273827562189e-10 3.0483486767351115e-40 1.8146738988465868e-30 7.0179131335618478e-12 1.1685642406752216e-30 6.4351733109869617e-06
8.6953385519489365e+12 2.5817309546661133e-10 4.1836845188880577e-40 3.4144308730184518e-29 7.0148717935004944e-12 1.6204959356150725e-30 1.0389230208403047e-04
9.7327873883293320e+12 2.5549808267943154e-10 5.9211640605420840e-40 6.1777081757617973e-29 7.0118177252065013e-12 2.3174984322568294e-30 1.5882907959209635e-04
1.0894015199119619e+13 2.5283870714274866e-10 8.2553827047841742e-40 7.4234238274954398e-29 7.0087785641623801e-12 3.2650786733074531e-30 1.6248522288735229e-04
1.2193790167548500e+13 2.5019503016350007e-10 1.1539187059963513e-39 1.0518414179744626e-28 7.0057569965899141e-12 4.6120768475787725e-30 1.9575971392435038e-04
1.3648642482361992e+13 2.4756667281704656e-10 1.6295176874341006e-39 1.6629938331143748e-28 7.0027430150758023e-12 6.5821367185328905e-30 2.6182734947954465e-04
1.5277074564322256e+13 2.4495169955059731e-10 2.2892636937711046e-39 1.8231735675309552e-28 6.9996881741554811e-12 9.3457759140725345e-30 2.4346687246380958e-04
1.7099796375021656e+13 2.4234381451860678e-10 3.2267904144604526e-39 3.2153646701053278e-28 6.9964493191393492e-12 1.3314927888174776e-29 3.6360419629263271e-04
1.9139988800609469e+13 2.3974833441198274e-10 4.4903317155189175e-39 2.9310995071732482e-28 6.9931326394109666e-12 1.8729355207126261e-29 2.8249681166490231e-04
2.1423598460072012e+13 2.3716856034845269e-10 6.3492905982492178e-39 4.5785365377333254e-28 6.9898314857377490e-12 2.6771215328544032e-29 3.7310882669060701e-04
2.3979667687359422e+13 2.3460478755915869e-10 8.8391241891418835e-39 4.2544460028741589e-28 6.9865570721686226e-12 3.7676657331270283e-29 2.9544045458412127e-04
2.6840703883984980e+13 2.3205427468688671e-10 1.2467980027427444e-38 5.7323983881834870e-28 6.9832253410404252e-12 5.3728723783479621e-29 3.3701057579630463e-04
3.0043092939421113e+13 2.2952138994531839e-10 1.7387347824065050e-38 5.3332887169797999e-28 6.9799717538467739e-12 7.5754803629445793e-29 2.6697269228738441e-04
3.3627561977062504e+13 2.2700154774420435e-10 2.4480829040566460e-38 6.2191047636748322e-28 6.9766524121795765e-12 1.0784432654244529e-28 2.6381555767013450e-04
3.7639697310837836e+13 2.2449641393456230e-10 3.4141728585657348e-38 6.4443276817080779e-28 6.9733405609259522e-12 1.5208139848331478e-28 2.3277168937497423e-04
4.2130524199698836e+13 2.2199720167636022e-10 4.7493688050842417e-38 1.0468188891563439e-27 6.9697773748760468e-12 2.1393822846506568e-28 3.2238873106497733e-04
4.7157155773150008e+13 2.1951234667510418e-10 6.6844724875015126e-38 8.2418286265494568e-28 6.9661882616226183e-12 3.0451464752436299e-28 2.1515950357918050e-04
5.2783519380682930e+13 2.1704039410308686e-10 9.4667069885245859e-38 7.6232495022473718e-28 6.9625229873548393e-12 4.3617258564450545e-28 1.6817846405938822e-04
5.9081169602626500e+13 2.1458751481740040e-10 1.3262905520037280e-37 1.1410605811758423e-27 6.9589852819240075e-12 6.1806510650552640e-28 2.1388835461407830e-04
6.6130198262068352e+13 2.1214793062094057e-10 1.8638255309243537e-37 1.2581053153453415e-27 6.9553865762141068e-12 8.7854994647795092e-28 2.0007598748344113e-04
7.4020253011140281e+13 2.0972409940700822e-10 2.5958062493851850e-37 2.0711634782484847e-27 6.9518072396243299e-12 1.2377243515288843e-27 2.8070753692716554e-04
8.2851677445761984e+13 2.0731704481397588e-10 3.6622023721000379e-37 2.5465249303104912e-27 6.9482859116172478e-12 1.7664743269836332e-27 2.9225318823946679e-04
9.2736787248531453e+13 2.0491494448310504e-10 5.1538902277960099e-37 3.7046585054317946e-27 6.9444483422405650e-12 2.5151363365891261e-27 3.6049046532027416e-04
1.0380129858939105e+14 2.0252730408942858e-10 7.1718047870584270e-37 5.5128872179569797e-27 6.9406058546842542e-12 3.5411545220054000e-27 4.5742836026321240e-04
1.1618592695008906e+14 2.0015447659096515e-10 1.0038959182522398e-36 7.6509682873264477e-27 6.9367565231919310e-12 5.0156056229698889e-27 5.3974596421267065e-04
1.3004817670586550e+14 1.9779431475621014e-10 1.4013678524395712e-36 8.8789851724794739e-27 6.9328063906871226e-12 7.0849753905556714e-27 5.3331076889243816e-04
1.4556434422376653e+14 1.9545016648799868e-10 1.9801088242119616e-36 1.2445192738933418e-26 6.9288962002857908e-12 1.0131016308617712e-26 6.3261440230272736e-04
1.6293175995245875e+14 1.9312071709295878e-10 2.7818635671491697e-36 1.6037543132499068e-26 6.9249558098941472e-12 1.4404790998213402e-26 6.9191937424277787e-04
1.8237129801785150e+14 1.9080748533996958e-10 3.8912334868091126e-36 1.7928465442698017e-26 6.9210586423055950e-12 2.0393505421844122e-26 6.5796344994032904e-04
2.0413018524086941e+14 1.8850850895072140e-10 5.4937815783230290e-36 2.4777140254409699e-26 6.9171282510023388e-12 2.9143414315367460e-26 7.6992780814509783e-04
2.2848514530171584e+14 1.8621686468754400e-10 7.6096722799587063e-36 2.5839888759291243e-26 6.9129462329349940e-12 4.0864570954553910e-26 6.8643300606257120e-04
2.5574591803728012e+14 1.8393464537540397e-10 1.0659533320291601e-35 2.9483031584132137e-26 6.9085622717388630e-12 5.7952830466146702e-26 6.6584213208604451e-04
2.8625919862913981e+14 1.8167984064551009e-10 1.5023896847675611e-35 3.4795744752710801e-26 6.9046448454069879e-12 8.2694352847820493e-26 6.6601110356558503e-04
3.2041304677970112e+14 1.7942573641724243e-10 2.0879832623464993e-35 4.3459357445831353e-26 6.9001440444313749e-12 1.1637033259771804e-25 7.1003118847515851e-04
3.5864182195122019e+14 1.7719484892733840e-10 2.9733460965519133e-35 4.6580267382176964e-26 6.8959686418778734e-12 1.6780093295890231e-25 6.4173200427886481e-04
4.0143170743270869e+14 1.7497238952964573e-10 4.1553484486386979e-35 5.7250042005440791e-26 6.8915247031216338e-12 2.3748595191555371e-25 6.7140925650338047e-04
4.4932689348833550e+14 1.7276844611022270e-10 5.8171159295125530e-35 6.9787103708307262e-26 6.8871970028613606e-12 3.3670013596124797e-25 6.9612799855247405e-04
5.0293649822298331e+14 1.7058420777323724e-10 8.1312406420902875e-35 9.5965428114231661e-26 6.8830750793615943e-12 4.7667018818643469e-25 8.1482995561546934e-04
5.6294231418258356e+14 1.6839918397935712e-10 1.1308901482735753e-34 1.1872136107838961e-25 6.8783289942138123e-12 6.7155322344804427e-25 8.6029750862845423e-04
6.3010747920851662e+14 1.6623008017722665e-10 1.6038795169945224e-34 1.3115888436911808e-25 6.8736148762793703e-12 9.6485516657667607e-25 8.0326165592712966e-04
7.0528618181958300e+14 1.6407716059151528e-10 2.2393210265078993e-34 1.8093403758106270e-25 6.8689322918942274e-12 1.3647975247955983e-24 9.4392617619769011e-04
7.8943452455201162e+14 1.6193797562152887e-10 3.1393935021075394e-34 2.3163443532864864e-25 6.8641826825842085e-12 1.9386394636948719e-24 1.0273203537656435e-03
8.8362268341460462e+14 1.5981199286523558e-10 4.4256526389505430e-34 2.9454249898249613e-25 6.8593402123399836e-12 2.7692869349815045e-24 1.1075277626193660e-03
9.8904851809960438e+14 1.5770373928134835e-10 6.1561131999834379e-34 3.7995817259046326e-25 6.8545996527163627e-12 3.9035936801731387e-24 1.2194429752643218e-03
1.1070528060403202e+15 1.5561352258315292e-10 8.6933885071866172e-34 4.9228943262996567e-25 6.8500001805922137e-12 5.5865251058379320e-24 1.3384504626475554e-03
1.2391362940582490e+15 1.5353024345075217e-10 1.2071180258816931e-33 5.9586722741368198e-25 6.8450119838304055e-12 7.8624119831406365e-24 1.3841324899807395e-03
1.3869787844578218e+15 1.5146394310448834e-10 1.6944800722953857e-33 7.4112711727769600e-25 6.8401624695339510e-12 1.1187349527315806e-23 1.4629175224762060e-03
1.5524604983006425e+15 1.4940092623766926e-10 2.3946393484757598e-33 9.4365159284444823e-25 6.8347330266788818e-12 1.6028276455705041e-23 1.5776656688409644e-03
1.7376859875517240e+15 1.4735776187990127e-10 3.3384268788170648e-33 1.1163971771878890e-24 6.8295213649305201e-12 2.2655249619887221e-23 1.5917002598354359e-03
1.9450109002057722e+15 1.4533116328529292e-10 4.7198282249288593e-33 1.3721084977670747e-24 6.8243134696029785e-12 3.2476367203251385e-23 1.6567080503091312e-03
2.1770719387852755e+15 1.4331409243658156e-10 6.6418279064547512e-33 1.7123892786233231e-24 6.8189189144365457e-12 4.6344555469266575e-23 1.7551500139154721e-03
2.4368203932146850e+15 1.4130846110549969e-10 9.2365995140877507e-33 2.0212773659221605e-24 6.8132406404433838e-12 6.5364801525874556e-23 1.7692360199639571e-03
2.7275596745325070e+15 1.3933059319802171e-10 1.2956457595007436e-32 2.4657882092747165e-24 6.8082545177076306e-12 9.2990758867962665e-23 1.8352253077723155e-03
3.0529873267850585e+15 1.3736384589121891e-10 1.8133229253690513e-32 2.9890745974031960e-24 6.8030498433657398e-12 1.3200874754227955e-22 1.8939257848211487e-03
3.4172420513981195e+15 1.3539199856449042e-10 2.5486056490911481e-32 3.6439446949074366e-24 6.7968048915693032e-12 1.8823901531205973e-22 1.9616609946452742e-03
3.8249563420692430e+15 1.3344857684157838e-10 3.5749252521554886e-32 4.4638642967223180e-24 6.7912364408722465e-12 2.6788785139308090e-22 2.0437159167260989e-03
4.2813153995778360e+15 1.3152330877411323e-10 5.0156287633237399e-32 5.4721495368311953e-24 6.7858261691492919e-12 3.8134904071930782e-22 2.1305606500253570e-03
4.7921230757751370e+15 1.2960680838942402e-10 7.0396393978260197e-32 6.6483867644355950e-24 6.7800606595438266e-12 5.4315351834560401e-22 2.2010360795065432e-03
5.3638756854121990e+15 1.2770859627438150e-10 9.7979599081225049e-32 8.5301446810596414e-24 6.7744393714674582e-12 7.6721224678342093e-22 2.4114513391031681e-03
6.0038446245252970e+15 1.2580853048985403e-10 1.3806502403909900e-31 1.0552669886229765e-23 6.7678686146660927e-12 1.0974218004257939e-21 2.5320103192175971e-03
6.7201688460965050e+15 1.2393220695572050e-10 1.9364253194047433e-31 1.3131848029620413e-23 6.7617630711366354e-12 1.5624875623304320e-21 2.6806084364842764e-03
7.5219583690702790e+15 1.2206863075850570e-10 2.7035776430123394e-31 1.6506246394757349e-23 6.7555481641735782e-12 2.2148013180888041e-21 2.8732728153044377e-03
8.4194101371264710e+15 1.2022436038870092e-10 3.7979099916828297e-31 2.0589262383952836e-23 6.7495473976616038e-12 3.1590186709280010e-21 3.0469983325697820e-03
9.4239377006695920e+15 1.1838631098818612e-10 5.3760872938617953e-31 2.5832577953510504e-23 6.7428946367964126e-12 4.5411392997947878e-21 3.2380522230365037e-03
1.0548316371295322e+16 1.1656279964461397e-10 7.4342686353810396e-31 3.1687324918410376e-23 6.7364086320163200e-12 6.3779084390965513e-21 3.4039758247873891e-03
1.1806845694770578e+16 1.1475493103551985e-10 1.0518840005279463e-30 3.9816948252293875e-23 6.7297982227801094e-12 9.1663512063142527e-21 3.6240849390788629e-03
1.3215531308813532e+16 1.1297251974611376e-10 1.4658635027336630e-30 4.8949073073096041e-23 6.7237656370946880e-12 1.2975398849454170e-20 3.8037441597277488e-03
1.4792288498492396e+16 1.1118535851156869e-10 2.0566654143210002e-30 5.9801624773368337e-23 6.7165754166481870e-12 1.8497628121665020e-20 3.9546436973796331e-03
1.6557170038006966e+16 1.0942337657660931e-10 2.8746957208375007e-30 7.3212901597479380e-23 6.7099429719302452e-12 2.6271312499892320e-20 4.1279708517577710e-03
1.8532621216481664e+16 1.0766351511086722e-10 4.0453469671229942e-30 8.9951364781832592e-23 6.7025041016095567e-12 3.7573981891240232e-20 4.3101818240761846e-03
2.0743765291120156e+16 1.0591679022438307e-10 5.6965686869603759e-30 1.1029168672947012e-22 6.6948560408939767e-12 5.3783433909697264e-20 4.4900761224791839e-03
2.3218722998039888e+16 1.0419538724366799e-10 7.9857704675639107e-30 1.3482966628501737e-22 6.6879061367376861e-12 7.6642264871943361e-20 4.6741516795419328e-03
2.5988970184235552e+16 1.0250272854517659e-10 1.1129871093915785e-29 1.6469159170883840e-22 6.6817381915110371e-12 1.0858121780641630e-19 4.8759432989315642e-03
2.9089738108943528e+16 1.0078528626482670e-10 1.5604055127740243e-29 2.0160102903927448e-22 6.6729642667822538e-12 1.5482473390747256e-19 5.0836476261591828e-03
3.2560461505328364e+16 9.9117389067959842e-11 2.1905756063240282e-29 2.4730343893585618e-22 6.6663492108896039e-12 2.2100820319450304e-19 5.3073301612537732e-03
3.6445280100820576e+16 9.7454099691179432e-11 3.0831765526621773e-29 3.0245508912755949e-22 6.6591004699759001e-12 3.1637217545823117e-19 5.5177452077894585e-03
4.0793599974309496e+16 9.5793806314602571e-11 4.3111558551275593e-29 3.7425528562508507e-22 6.6509339864612390e-12 4.5004536524720777e-19 5.8237452040199649e-03
4.5660721889376536e+16 9.4149849998330358e-11 6.0460715049906004e-29 4.6059926562833636e-22 6.6428562404120406e-12 6.4217537309914145e-19 6.1048751323388977e-03
5.1108544594543672e+16 9.2529792640127054e-11 8.4891509876974498e-29 5.6907250688678249e-22 6.6353176066016169e-12 9.1745055786669856e-19 6.4208818852328747e-03
5.7206352034924544e+16 9.0888331656310400e-11 1.1867116985199715e-28 7.0710291635500148e-22 6.6254231555049323e-12 1.3056810229584380e-18 6.8085706890505682e-03
6.4031694486818168e+16 8.9317467594583460e-11 1.6630957616591716e-28 8.7396371249900060e-22 6.6189288639194352e-12 1.8620050550560255e-18 7.1707828628598310e-03
7.1671374821280272e+16 8.7662812405517093e-11 2.3338022151359760e-28 1.0813119300838141e-21 6.6054620467998050e-12 2.6622488499913758e-18 7.5598167949423685e-03
8.0222552439712928e+16 8.6145899130583862e-11 3.2701264815238859e-28 1.3378530088299330e-21 6.6007244226863644e-12 3.7960326777330166e-18 7.9709267899647617e-03
8.9793978921019712e+16 8.4602706373470982e-11 4.5893437368730815e-28 1.6518217976450608e-21 6.5931402309745414e-12 5.4245826565096389e-18 8.3829286794609697e-03
1.0050738109495784e+17 8.3056608962399920e-11 6.4458603359251187e-28 2.0371429736749858e-21 6.5841808921602564e-12 7.7608036451899777e-18 8.8042824524008651e-03
1.1249900913125022e+17 8.1516546966605682e-11 9.0564523529279112e-28 2.5097157595242145e-21 6.5742893106547130e-12 1.1109955818710040e-17 9.2368224805730089e-03
1.2592136933262648e+17 8.0006481693144015e-11 1.2662343933096350e-27 3.0831562015878136e-21 6.5655754726284156e-12 1.5826647622953059e-17 9.6867008715262395e-03
1.4094516366899293e+17 7.8498493875072744e-11 1.7722085030798251e-27 3.7802826725400800e-21 6.5557014509881242e-12 2.2576337654327800e-17 1.0135290605429163e-02
1.5776146071921859e+17 7.7009389221931593e-11 2.4811674625688298e-27 4.6301899622837874e-21 6.5461662175629051e-12 3.2219025337526186e-17 1.0592511179270939e-02
1.7658412562996445e+17 7.5525192645456011e-11 3.4948575505054731e-27 5.6764744729035293e-21 6.5355822361226938e-12 4.6274063369975953e-17 1.1048874203400600e-02
1.9765253999515267e+17 7.4074760909762942e-11 4.8902302415290118e-27 6.9445402920840695e-21 6.5265366397122625e-12 6.6017496127813845e-17 1.1538350285973871e-02
2.2123464624674384e+17 7.2638051152808177e-11 6.8579550360685723e-27 8.5006968808649506e-21 6.5173376180797626e-12 9.4412706938427321e-17 1.2044121327616578e-02
2.4763035527457338e+17 7.1188875251519948e-11 9.6383868124743537e-27 1.0400889907274064e-20 6.5056369900775699e-12 1.3539175578235539e-16 1.2556316608256984e-02
2.7717536061246083e+17 6.9768271890011855e-11 1.3508816368141094e-26 1.2750829070718346e-20 6.4950017804098754e-12 1.9362406438040265e-16 1.3134114313321127e-02
3.1024540769835430e+17 6.8379771743797386e-11 1.8911001380996775e-26 1.5643859186207963e-20 6.4861302132677335e-12 2.7655841630843343e-16 1.3756970676528450e-02
3.4726107250382387e+17 6.6971786571590475e-11 2.6563137119905152e-26 1.9168836767080865e-20 6.4732739979946737e-12 3.9663175315638456e-16 1.4371765913256083e-02
3.8869311030625677e+17 6.5609014410348424e-11 3.7173903177149484e-26 2.3557503074669024e-20 6.4636129985361862e-12 5.6659749443341844e-16 1.5084413115115139e-02
4.3506844262795814e+17 6.4234037182939592e-11 5.1975720981626982e-26 2.8962023526985828e-20 6.4511723870539958e-12 8.0916167286199428e-16 1.5850611862122464e-02
4.8697685848245530e+17 6.2877202034497174e-11 7.2965174180499620e-26 3.5571720875687876e-20 6.4389597173641791e-12 1.1604392660549312e-15 1.6607354650772965e-02
5.4507851515269120e+17 6.1558300705635850e-11 1.0254425894490445e-25 4.3720836399195867e-20 6.4291218874190331e-12 1.6658071741658075e-15 1.7401611747347334e-02
6.1011233389393050e+17 6.0222612887091077e-11 1.4388512579624938e-25 5.3727875099556610e-20 6.4151884270213525e-12 2.3892209072033023e-15 1.8252061239668285e-02
6.8290539733568870e+17 5.8907741104661161e-11 2.0155940542874150e-25 6.5995594943314917e-20 6.4022509743408629e-12 3.4216115174172265e-15 1.9152577541840667e-02
7.6438346809637299e+17 5.7620377713360058e-11 2.8254759435139367e-25 8.1003957259196525e-20 6.3903565267874039e-12 4.9036053834454439e-15 2.0075777715742434e-02
8.5558276238346125e+17 5.6349822279953933e-11 3.9581743106686724e-25 9.9336863610520866e-20 6.3784276862658124e-12 7.0242888983817408e-15 2.1033750135416293e-02
9.5766312831273242e+17 5.5086292791154537e-11 5.5603355194304776e-25 1.2180084073229080e-19 6.3655734420483623e-12 1.0093864077059965e-14 2.2007870089120665e-02
1.0719227965449537e+18 5.3829138708134494e-11 7.7722156042179033e-25 1.4903255649052328e-19 6.3516593583261860e-12 1.4438677249434194e-14 2.3040930614326903e-02
1.1998148908344773e+18 5.2585058661871953e-11 1.0891357919945981e-24 1.8230392166428629e-19 6.3372598751711972e-12 2.0711886982913634e-14 2.4089279720062258e-02
1.3429659084666898e+18 5.1347609650025575e-11 1.5319921630932662e-24 2.2293483080618833e-19 6.3217675208310184e-12 2.9835705567113139e-14 2.5135616382607775e-02
1.5031964056133635e+18 5.0144698739751213e-11 2.1409036847473425e-24 2.7215953946191198e-19 6.3080715685182510e-12 4.2694516839326275e-14 2.6267121521969146e-02
1.6825441506767501e+18 4.8940346607392986e-11 3.0069056905030234e-24 3.3233856705094160e-19 6.2923075342213352e-12 6.1440220573521896e-14 2.7396010191117003e-02
1.8832900400805612e+18 4.7754730648168136e-11 4.2147096145268252e-24 4.0568821450593233e-19 6.2768415480391367e-12 8.8257426171623244e-14 2.8595675656066744e-02
2.1079871060976855e+18 4.6584201654727178e-11 5.9210161959872553e-24 4.9511202635737616e-19 6.2610804940183069e-12 1.2710352406319842e-13 2.9811650596097288e-02
2.3594929856284774e+18 4.5427091085233071e-11 8.2854334788758232e-24 6.0432778633385301e-19 6.2450900454367867e-12 1.8238969920677241e-13 3.1149959174046653e-02
2.6410062628589906e+18 4.4288218871955578e-11 1.1602931140511673e-23 7.3770877524404268e-19 6.2292692970462048e-12 2.6198685420279804e-13 3.2542954931458458e-02
2.9561071479950264e+18 4.3156938173500545e-11 1.6267052241344675e-23 9.0032330312170707e-19 6.2118964963135006e-12 3.7692785748473061e-13 3.3979637990651887e-02
3.3088030094133069e+18 4.2058133148151379e-11 2.2792575784840673e-23 1.0994846434510970e-18 6.1966403160720792e-12 5.4193027789751398e-13 3.5511373355992713e-02
3.7035793382956815e+18 4.0955110142783298e-11 3.1977338981544805e-23 1.3421358465421150e-18 6.1787298882519175e-12 7.8078996418361651e-13 3.7086962606198010e-02
4.1454567939004933e+18 3.9850571681686383e-11 4.4810965886298968e-23 1.6377179691504991e-18 6.1577096101897316e-12 1.1244748568272555e-12 3.8755173332306991e-02
4.6400550549576581e+18 3.8770998077817087e-11 6.2994158079322303e-23 1.9980767804232925e-18 6.1382282344105777e-12 1.6247752496024135e-12 4.0430447134253471e-02
5.1936642892327537e+18 3.7713959826227289e-11 8.8317451751116135e-23 2.4381204417168368e-18 6.1190688230798531e-12 2.3417708497820223e-12 4.2245535910762078e-02
5.8133251501899448e+18 3.6670043941632605e-11 1.2377114099433808e-22 2.9731488094766395e-18 6.0995795275684450e-12 3.3752656852804918e-12 4.4131758629965663e-02
6.5069183181309071e+18 3.5633434258989903e-11 1.7335977215995795e-22 3.6231551608298288e-18 6.0783432716773245e-12 4.8650874035633506e-12 4.6098195877643730e-02
7.2832647245689477e+18 3.4626987118850189e-11 2.4337021699969038e-22 4.4146670851829632e-18 6.0589742591737016e-12 7.0283393747963229e-12 4.8090234096628486e-02
8.1522377344652513e+18 3.3622587850777429e-11 3.4080850047668821e-22 5.3728251892592457e-18 6.0371698506628808e-12 1.0136295932537905e-11 5.0191703153016888e-02
9.1248887130314271e+18 3.2623190989365921e-11 4.7798893635709662e-22 6.5319516574386772e-18 6.0129903342789135e-12 1.4651814303079726e-11 5.2308325833890230e-02
1.0213587574022179e+19 3.1640671117867208e-11 6.6994004219273566e-22 7.9342489335636781e-18 5.9886078102926700e-12 2.1173382817415701e-11 5.4496048241043905e-02
1.1432180096973873e+19 3.0678436369600246e-11 9.4102522804419144e-22 9.6321083102706271e-18 5.9647989789790570e-12 3.0673832808108940e-11 5.6689694144419871e-02
1.2796164014108226e+19 2.9748787587613492e-11 1.3229013116068963e-21 1.1691963926459802e-17 5.9435438808397220e-12 4.4469083240853982e-11 5.8937146856226245e-02
1.4322886106325647e+19 2.8810252423749476e-11 1.8557489857811731e-21 1.4171590591529594e-17 5.9176941572176428e-12 6.4412798554026859e-11 6.1289411277143845e-02
1.6031762814902565e+19 2.7888679781807762e-11 2.6003463691286004e-21 1.7168661017045250e-17 5.8909552498397756e-12 9.3240210337328039e-11 6.3753913348790603e-02
1.7944527174574254e+19 2.6992045371100846e-11 3.6430187712640334e-21 2.0797459780736778e-17 5.8665925368017968e-12 1.3496638438051689e-10 6.6322622562046629e-02
2.0085505208429789e+19 2.6104146233337364e-11 5.1125510213678320e-21 2.5179422160504942e-17 5.8389900069530560e-12 1.9585206789246901e-10 6.8924271566175824e-02
2.2481925299735765e+19 2.5223804208631455e-11 7.1733808595973210e-21 3.0466923851084129e-17 5.8095685763258173e-12 2.8438933311663565e-10 7.1624461357313179e-02
2.5164264475198247e+19 2.4367728562772636e-11 1.0050198672017707e-20 3.6869819762125684e-17 5.7818647919077031e-12 4.1243887964291538e-10 7.4503412776581249e-02
2.8166636003597623e+19 2.3495551996861888e-11 1.4137989680145850e-20 4.4550263316673084e-17 5.7454403706372879e-12 6.0173047534813777e-10 7.7297174444920194e-02
3.1527223239172592e+19 2.2681597866488003e-11 1.9890129253042160e-20 5.3913852195032315e-17 5.7183479801485703e-12 8.7692804328338606e-10 8.0268424327828811e-02
3.5288765227259539e+19 2.1840533111772858e-11 2.7904618326530733e-20 6.5097294118634991e-17 5.6803472999277301e-12 1.2776528003264122e-09 8.3386025830955238e-02
3.9499100247983456e+19 2.1063093377337595e-11 3.9053758346713699e-20 7.8741689989480690e-17 5.6530784270023218e-12 1.8541321340920400e-09 8.6818491930870059e-02
4.4211774210650300e+19 2.0254367465045802e-11 5.4995593205046331e-20 9.4950973891133482e-17 5.6135048516938068e-12 2.7152461389193715e-09 8.9965528523029414e-02
4.9486721636230980e+19 1.9451954884074885e-11 7.7195279061759111e-20 1.1435102920078476e-16 5.5693989019402194e-12 3.9685100657213558e-09 9.3317496730028149e-02
5.5391027888490848e+19 1.8712805090526526e-11 1.0767817567096839e-19 1.3796623636532125e-16 5.5379563242530218e-12 5.7542508742248324e-09 9.7194015634680109e-02
6.1999782347619852e+19 1.7979484342132149e-11 1.5180026766046309e-19 1.6615206285878577e-16 5.5033426452114621e-12 8.4429710824963609e-09 1.0057287219389432e-01
6.9397033376789283e+19 1.7228129076340441e-11 2.1239200221393113e-19 1.9952948799081622e-16 5.4562708141439021e-12 1.2328210373533703e-08 1.0430831987525087e-01
7.7676857226645553e+19 1.6506854988755653e-11 2.9894691194039424e-19 2.3946326656452925e-16 5.4125343490724614e-12 1.8110470270076613e-08 1.0779775062014971e-01
8.6944554471787020e+19 1.5804593400599821e-11 4.1845364489681373e-19 2.8712376095974384e-16 5.3681030206992540e-12 2.6476709853330157e-08 1.1164873141148121e-01
9.7317989195171906e+19 1.5120474928833928e-11 5.8926298690459656e-19 3.4394711049450458e-16 5.3234568597973964e-12 3.8971194139981791e-08 1.1522702991146269e-01
1.0892908795184788e+20 1.4439379060121355e-11 8.2283340938693801e-19 4.1117280807273710e-16 5.2729514264384962e-12 5.6985370289915776e-08 1.1928728900000829e-01
1.2192551757542972e+20 1.3784951339932656e-11 1.1605806622720092e-18 4.9149395988426080e-16 5.2248548307051522e-12 8.4191850659535602e-08 1.2287906590612215e-01
