# k_modes P_R(k) P_S(k) P_RS(k) 
4.5686327546407697e-05 1.7167681077154187e-09 4.3549419472169472e-87 -1.4721673712000881e-48
5.0790040892664505e-05 1.4955829577991816e-09 2.9342664459605354e-88 -6.0152061998744366e-49
5.6463900523809294e-05 1.3650734101197586e-09 4.4890612804917052e-87 -2.4311981408871139e-48
6.2771598650614431e-05 1.3098396316921960e-09 2.3777103204058244e-84 3.3171588794421035e-47
6.9783942671341058e-05 1.3122808605267354e-09 1.9802224617952281e-83 -1.3905363089132712e-46
7.7579650023926189e-05 1.3556738192361111e-09 5.1477692955725086e-88 -1.8477750498517355e-49
8.6246231832736453e-05 1.4246489840447699e-09 1.4079881159138706e-86 -4.3076326460609461e-49
9.5880975269314265e-05 1.5054225377011581e-09 2.0995943066717433e-79 -9.8307841628158046e-45
1.0659203565465695e-04 1.5862106092033906e-09 3.8256363984696560e-86 5.8066524094346888e-48
1.1849965056248137e-04 1.6584977061759866e-09 2.9247348764013157e-86 3.7558196399898940e-48
1.3173748955245417e-04 1.7168015103069806e-09 2.9801057374649613e-85 -1.9333700281424066e-47
1.4645415468488910e-04 1.7585626561153392e-09 6.1055298911318700e-86 8.3551801551642653e-48
1.6281484866101939e-04 1.7836349879095536e-09 8.7209031890663167e-86 1.0102255092938251e-47
1.8100322931463935e-04 1.7936125870992731e-09 1.2870707052051901e-86 2.9159702616233981e-48
2.0122347127281208e-04 1.7911331245249867e-09 1.9233315128023686e-86 -1.1126626324027409e-48
2.2370255792892319e-04 1.7793006429349448e-09 4.9130080251028013e-85 2.4027306171989816e-47
2.4869282945674278e-04 1.7612602754005191e-09 1.0737614431817900e-84 9.4133229703203403e-48
2.7647481546836620e-04 1.7398780348072264e-09 1.0406270021846428e-86 -1.8734329968063902e-48
3.0736038411418172e-04 1.7175452378315740e-09 3.8100224033700540e-82 -8.3130587521120687e-47
3.4169624297525353e-04 1.6960850337686039e-09 6.6359886969759047e-85 1.3806146694654312e-48
3.7986783104757460e-04 1.6767300055604353e-09 2.1962041928448460e-83 -1.8202949687013649e-46
4.2230364550785887e-04 1.6601688860394769e-09 3.1484265433513151e-83 1.7000067728005928e-46
4.6948005183121660e-04 1.6466363173491005e-09 4.1844577336990342e-84 -8.2993146349342421e-47
5.2192663125694063e-04 1.6359981412232348e-09 3.1585803403312102e-84 -6.5775377238613885e-47
5.8023212563065852e-04 1.6278826348478767e-09 1.1844087534838892e-83 -5.2571893229829745e-47
6.4505104635699724e-04 1.6217517509529531e-09 2.2279090534652024e-81 -2.2622957464582603e-46
7.1711102165190324e-04 1.6170471448379288e-09 9.4289979883883079e-84 -3.2168506323172346e-47
7.9722096457158565e-04 1.6132351017646629e-09 1.1907669423810678e-83 4.7419852175438691e-47
8.8628015350872866e-04 1.6098405656054640e-09 2.1432181263444263e-83 -8.5888876900315043e-47
9.8528832708955094e-04 1.6064710213733882e-09 9.7436669533980872e-84 1.1735358570728261e-47
1.0953569067925243e-03 1.6028489051861451e-09 1.1394739785222171e-82 2.9032476798936155e-46
1.2177214732688496e-03 1.5987975715608950e-09 1.5013168909883119e-83 -5.0319245650559701e-47
1.3537556364182667e-03 1.5942349017729075e-09 5.0216679476038288e-83 2.8247003672911195e-46
1.5049864549194912e-03 1.5891522956706938e-09 2.2912068990298307e-81 1.7099107018727150e-45
1.6731115783080155e-03 1.5835963204609707e-09 5.5964212956685067e-83 -2.2667223403478505e-46
1.8600183040305724e-03 1.5776454914719116e-09 4.3176447254926725e-82 7.0007804663527889e-46
2.0678047634022497e-03 1.5713980513011838e-09 4.9223959158054916e-83 2.1925302724487723e-46
2.2988034742903009e-03 1.5649532927842312e-09 2.1728107634342042e-82 5.1794747123977242e-46
2.5556075249165877e-03 1.5584093088257793e-09 4.3976187898786121e-82 1.3454519814841395e-46
2.8410996827062914e-03 1.5518392405961772e-09 1.6555394829053480e-83 1.5411850001999700e-46
3.1584847549457917e-03 1.5453055540062265e-09 1.0246771247337535e-80 -1.6981204643442453e-45
3.5113255645160281e-03 1.5388483618157831e-09 2.6216429877214501e-81 1.8379120347883995e-45
3.9035829445488051e-03 1.5324752402353787e-09 8.2903527529790030e-82 6.8382686863394132e-46
4.3396602009681713e-03 1.5261954735250193e-09 1.4336579541727067e-82 -4.6618589915374470e-46
4.8244525420335074e-03 1.5200271602995309e-09 1.3155547003883553e-81 -1.4079015136836997e-45
5.3634020297582009e-03 1.5139513715279790e-09 6.8605552904633503e-81 -2.6158119013120432e-45
5.9625586700640344e-03 1.5079543223781250e-09 1.5801458294998779e-82 -1.4922849617990827e-46
6.6286483274420179e-03 1.5020173976876496e-09 6.3179264324418307e-79 2.3963309709229267e-44
7.3691482264992090e-03 1.4961244197108744e-09 1.1676330101040654e-80 -1.3914764976281681e-45
8.1923708879382308e-03 1.4902586020520766e-09 4.9271372666775967e-83 5.4171985202650812e-47
9.1075574411971765e-03 1.4844081015604686e-09 1.9162708474923207e-81 -9.1982728649962869e-46
1.0124981361235874e-02 1.4785636982191488e-09 1.7421190900318041e-80 4.7067407095407855e-45
1.1256063793971358e-02 1.4727185513945240e-09 3.6371545356582188e-80 7.8689321092522442e-46
1.2513501764954138e-02 1.4668706723040686e-09 2.9246199149305829e-79 1.6129704597243840e-44
1.3911410710498735e-02 1.4610189624380018e-09 8.6422481500059482e-79 -5.6681307965839729e-45
1.5465482931259123e-02 1.4551654262574147e-09 1.3914215808462055e-77 -5.8261939843696140e-44
1.7193163746977925e-02 1.4493124510476685e-09 2.7577581510357319e-82 6.0058322071620262e-46
1.9113847329844055e-02 1.4434634830090350e-09 5.5935271036950829e-79 2.8413514285116416e-44
2.1249094414796291e-02 1.4376205662966097e-09 2.0600698004779345e-79 7.1851015633505931e-47
2.3622874330691344e-02 1.4317756663838662e-09 5.1153625269494799e-81 -1.3875551669813506e-45
2.6261834069270216e-02 1.4259260044487577e-09 7.3306104600131154e-79 2.7512091290907071e-44
2.9195597412370336e-02 1.4200894804103370e-09 1.0314607703979123e-79 -1.1011551041966769e-44
3.2457097475252272e-02 1.4142688924647424e-09 3.3389676603749463e-79 2.1276525889567500e-44
3.6082946399023520e-02 1.4084638519333021e-09 8.8266330871874187e-80 8.0693474494914659e-46
4.0113846342160787e-02 1.4026758823197871e-09 1.2755376093682261e-78 -3.7060724856271534e-44
4.4595046384738483e-02 1.3969040930427260e-09 9.0326736884404834e-78 9.7550951650525471e-44
4.9576850474365455e-02 1.3911487258127082e-09 2.1400490223324689e-78 -4.6254543631679815e-44
5.5115182115803983e-02 1.3854092688363826e-09 1.0813812702831542e-78 -1.4027987443899787e-44
6.1272212143224543e-02 1.3796843400450657e-09 2.2730576667422925e-78 4.2838181231754396e-44
6.8117056622185992e-02 1.3739734872491255e-09 1.3599477429355945e-78 1.4638034336529783e-44
7.5726552715677825e-02 1.3682769863192409e-09 7.2541348300727301e-78 3.3960035610711220e-44
8.4186121223749202e-02 1.3625935829344077e-09 3.1415461083022722e-78 5.8268703778287156e-44
9.3590725479208256e-02 1.3569242499921741e-09 5.4382328876481861e-78 5.1027513040876094e-44
1.0404593736352725e-01 1.3512680128916357e-09 1.9614661091682407e-77 1.5892129436724251e-43
1.1566912240957038e-01 1.3456242328201230e-09 9.7552841127430811e-77 2.9232536135765078e-43
1.2859075729457764e-01 1.3399935593908305e-09 2.0437187206979209e-77 1.1480097827657208e-43
1.4295589451299276e-01 1.3343710105464971e-09 5.1239714522327971e-77 1.2808070149138783e-43
1.5892579067089505e-01 1.3287380707414863e-09 7.6257991184497756e-78 -9.2970793488695023e-44
1.7667971668054280e-01 1.3231190239511904e-09 9.1152853191808753e-77 6.9657953049439631e-44
1.9641697017546197e-01 1.3175128479321010e-09 3.1443964001472405e-76 -9.2475982102362075e-45
2.1835911273654976e-01 1.3119198251536779e-09 1.1789078549184630e-76 -1.9132386793522891e-43
2.4275245704329634e-01 1.3063408120951380e-09 3.9286103580287501e-76 -3.2507384238866461e-43
2.6987083186976935e-01 1.3007751106836876e-09 4.1695156473721847e-76 -5.2959964983290246e-43
3.0001865596397048e-01 1.2952232913207777e-09 5.8003189522228124e-76 -7.5929892894627949e-43
3.3353435531656034e-01 1.2896844213378214e-09 1.2829831893549074e-76 -1.1310298108156632e-43
3.7079416217967814e-01 1.2841587469032817e-09 8.4403556570074408e-76 -1.0378358330132944e-42
4.1221633848194722e-01 1.2786469094423136e-09 1.0562702428144049e-75 -8.7124264742791256e-43
4.5826587104983363e-01 1.2731481311225935e-09 1.6946729312778315e-75 -9.3044970549856223e-43
5.0945969134180713e-01 1.2676634085276119e-09 1.5171700608073196e-75 -1.5709240323455603e-43
5.6637247828971549e-01 1.2621893017043264e-09 3.4210958912608940e-75 7.0244145170841901e-44
6.2964310938746604e-01 1.2567328004100793e-09 4.4208912599640142e-75 5.9246516935398246e-43
6.9998183244405643e-01 1.2512878662377433e-09 6.2951121779327822e-75 1.7004374078878793e-42
7.7817823850784074e-01 1.2458575188461103e-09 7.8837122445689197e-75 1.5517065394978061e-42
8.6511012546252686e-01 1.2404387167307605e-09 1.1951667162655952e-74 3.6122600287295928e-42
9.6175335179364330e-01 1.2350055536400406e-09 1.2874210222481388e-74 3.9752193931105084e-42
1.0691927911394830e+00 1.2295900845187064e-09 2.6264721114399570e-74 5.5990557294573205e-42
1.1886345105973914e+00 1.2241859718995764e-09 8.2746355212832822e-75 2.3707480949872796e-42
1.3214193094936277e+00 1.2187954398595610e-09 2.0657803022104523e-74 3.7192746946369580e-42
1.4690377705969733e+00 1.2134181992143248e-09 3.0141992293264450e-74 3.3002752221343201e-42
1.6331469927342785e+00 1.2080552001888246e-09 6.0132375614719255e-74 1.3887827160063279e-42
1.8155891926408125e+00 1.2027043778922237e-09 3.8275307145808407e-74 2.1288585757115102e-42
2.0184123848614566e+00 1.1973667994145466e-09 1.9644475781801930e-73 -4.0839104521075898e-42
2.2438933718460938e+00 1.1920426644515192e-09 2.4770789167115611e-73 -1.4138573321512859e-41
2.4945633023156657e+00 1.1867318943016749e-09 3.6983059349300288e-73 -1.6403245511406640e-41
2.7732360848057520e+00 1.1814345039251365e-09 3.6364467139602892e-73 -1.9747747894561117e-41
3.0830399753453626e+00 1.1761506817942038e-09 1.0246026602063051e-73 -5.1873854898937619e-42
3.4274526938601082e+00 1.1708766883663763e-09 3.8584503057990749e-73 -1.9527162164563555e-41
3.8103404635007894e+00 1.1656215729834929e-09 9.5040223867096139e-73 -2.8801378825318522e-41
4.2360014111354394e+00 1.1603772676703530e-09 1.5101749372293551e-72 -2.9569213859068537e-41
4.7092138161993820e+00 1.1551468125565778e-09 1.8337918085643117e-72 -1.7075918256894041e-41
5.2352897495231918e+00 1.1499294761220050e-09 2.4542931730872086e-72 1.4210211614327808e-42
5.8201347042642277e+00 1.1447024144783169e-09 3.1397775169790963e-72 7.1446110399297220e-42
6.4703138883317681e+00 1.1394862318684237e-09 4.7499575903819419e-72 2.8079351894067484e-41
7.1931259224749278e+00 1.1342838186701936e-09 1.8647052821616185e-72 4.4880406540133482e-41
7.9966847713351203e+00 1.1290948606382540e-09 1.1558592307811637e-71 9.6404822374859273e-41
8.8900108271844207e+00 1.1239195125768184e-09 1.3703822248566845e-71 1.2247223842912120e-40
9.8831321688151323e+00 1.1187570011305977e-09 8.1827347877388841e-71 2.8366817163880201e-40
1.0987197132267571e+01 1.1136075681138193e-09 2.8836667827672308e-71 1.5731013173047202e-40
1.2214599457064800e+01 1.1084714648538374e-09 4.0424999292074813e-71 1.4987818433349178e-40
1.3579117412789708e+01 1.1033486142194652e-09 4.0446067829446211e-71 8.8780428595577257e-41
1.5096068467777544e+01 1.0982390997366071e-09 6.0605973321901946e-71 -3.4496764878392624e-41
1.6782481236165204e+01 1.0931427666346055e-09 7.8687101491283558e-71 -8.0894312438717665e-41
1.8657286633498035e+01 1.0880590919904622e-09 1.2027095205156307e-70 -1.8535585144402231e-40
2.0741530386721529e+01 1.0829889250699485e-09 1.7316930300429146e-70 -3.4549366900753530e-40
2.3058609284099944e+01 1.0779300821562115e-09 1.2211040481340174e-70 -3.5248256374845377e-40
2.5634533817098120e+01 1.0728882983378601e-09 3.0443884730522438e-70 -5.2172493548910324e-40
2.8498220162526039e+01 1.0678583792925502e-09 1.1346986967897920e-70 -2.8536623312531239e-40
3.1681814782608068e+01 1.0628410733757433e-09 5.1633758705076791e-70 -6.1778169366197476e-40
3.5221055286791405e+01 1.0578183675550344e-09 8.2932781872328419e-70 -7.5359976417110412e-40
3.9155671606167253e+01 1.0528042593934604e-09 1.1579454849556556e-69 -4.3397267232917144e-40
4.3529831983909361e+01 1.0478035667343150e-09 1.6195774300455977e-69 -3.1825687128987422e-40
4.8392638788219095e+01 1.0428165699923289e-09 2.1393000612029738e-69 3.3296786612171236e-41
5.3798679713551437e+01 1.0378423551351914e-09 2.5365032316331781e-69 7.5383239615273525e-40
5.9808640557660297e+01 1.0328808809560370e-09 3.8497695488714075e-69 1.5307907716949149e-39
6.6489986453224802e+01 1.0279330683360356e-09 4.4413549116440498e-69 1.6250486773697397e-39
7.3917719201256560e+01 1.0229961655338072e-09 4.8525642964166779e-69 1.9490798783034693e-39
8.2175219207776109e+01 1.0180768212342721e-09 1.0941457124360127e-68 3.3353048459914250e-39
9.1355181474961725e+01 1.0131684307484539e-09 1.3414674683476018e-68 3.6066734515175226e-39
1.0156065615378904e+02 1.0082724412645968e-09 2.4643141503889509e-68 4.2974997311870597e-39
1.1290620533894013e+02 1.0033899423468139e-09 9.1573280822216804e-69 7.3380968646927375e-40
1.2551918909164402e+02 9.9852028662567678e-10 4.6171096232695902e-68 3.6150686044705855e-39
1.3954119512676746e+02 9.9366217909530207e-10 2.1477927911391060e-64 4.6148136393684146e-37
1.5512962821318013e+02 9.8882149784193951e-10 7.0420434316787261e-68 -1.3754047392959516e-39
1.7245947712929677e+02 9.8399165689333521e-10 8.8554573340241181e-68 -4.5373507811966073e-39
1.9172527900884555e+02 9.7917475941677020e-10 1.3287322793094553e-67 -9.2412963773030598e-39
2.1314330312773086e+02 9.7435580158025353e-10 1.9538186240322119e-67 -1.2182019305128114e-38
2.3695397864620543e+02 9.6954427502584615e-10 2.7545470579721314e-67 -1.5634182419069088e-38
2.6342459355909921e+02 9.6474538591450320e-10 3.7292732226324256e-67 -1.8327026802155926e-38
2.9285229515131357e+02 9.5995898376892756e-10 4.6285341160563398e-67 -1.9865228838601715e-38
3.2556742564035170e+02 9.5518647697755289e-10 6.6099360613162448e-67 -1.7460920135608543e-38
3.6193723045032016e+02 9.5042678526796376e-10 1.0169372081714649e-66 -1.8200425000622445e-38
4.0236998074481767e+02 9.4568032989907281e-10 1.1435297225369080e-66 -1.5743978655979661e-39
4.4731955649643419e+02 9.4094725522283627e-10 1.9172174234137172e-66 6.6539039641929586e-39
4.9729054154034014e+02 9.3622652618417947e-10 2.0022689255392748e-66 1.3776671468037766e-38
5.5284388780676102e+02 9.3151870962372169e-10 3.4191376023517944e-66 3.1760437714648717e-38
6.1460321231647913e+02 9.2682431079895295e-10 4.6440636740417279e-66 5.7357791423627874e-38
6.8326179762661525e+02 9.2214273885608520e-10 5.7336724451845424e-66 7.1994943725222391e-38
7.5959037431057254e+02 9.1747334183717747e-10 8.9931979691875473e-66 9.0117309100893823e-38
8.4444577283476178e+02 9.1281891170997347e-10 1.1053732242878783e-65 9.5410261684735926e-38
9.3878054195423317e+02 9.0817626137976864e-10 1.3204139776872239e-65 8.8300410874242702e-38
1.0436536415990033e+03 9.0354706269778151e-10 2.2334040948540823e-65 6.8254370546236399e-38
1.1602423302846441e+03 8.9893087966034062e-10 2.9622507828708064e-65 3.0152985489984375e-38
1.2898553804898897e+03 8.9431618447735651e-10 4.2828706624967476e-65 4.2395717912866182e-38
1.4339477703511761e+03 8.8970548150372269e-10 4.7354837907147360e-65 -6.2544025224078870e-38
1.5941370165965100e+03 8.8510726220015935e-10 7.2593914698164035e-65 -1.5864215391142985e-37
1.7722213320648734e+03 8.8052372158018494e-10 8.7835981551772105e-65 -2.3658912154279422e-37
1.9701998116393759e+03 8.7595256576413705e-10 1.3893831768404906e-64 -3.0134612718754265e-37
2.1902948731923630e+03 8.7139381292166793e-10 6.9965528237835346e-65 -1.9059372658193915e-37
2.4349772054545606e+03 8.6684949894542662e-10 2.5223045694273709e-64 -4.4327994944137817e-37
2.7069935028618293e+03 8.6231700980963782e-10 3.6586301405218678e-64 -4.5882380904239783e-37
3.0093972987185330e+03 8.5779740569097881e-10 5.2746387522141995e-64 -4.9308172731232128e-37
3.3455832427968207e+03 8.5329108214743181e-10 7.9592060252112026e-64 -3.0422459871075459e-37
3.7193252081568162e+03 8.4879763590324392e-10 9.4339220495146964e-64 -4.7839094152695934e-38
4.1348186549578795e+03 8.4431720164155489e-10 1.4466520298506496e-63 1.2098769910354198e-37
4.5967277268180333e+03 8.3984940346630539e-10 1.6725920470276679e-63 6.2623787750000450e-37
5.1102376084043699e+03 8.3539448060008226e-10 2.3891838036208503e-63 1.0470361262541730e-36
5.6811127319971620e+03 8.3095286699492591e-10 3.3734226075615531e-63 1.5137045196794096e-36
6.3157614864287852e+03 8.2652428767042855e-10 4.4495523367880532e-63 1.9056873707042842e-36
7.0213081547907623e+03 8.2210871951399639e-10 6.8876172724668284e-63 2.3379922787486690e-36
7.8056728884495587e+03 8.1769679593388636e-10 9.4999251247372319e-63 2.4520401530674532e-36
8.6776606151239957e+03 8.1328775432299973e-10 1.1642106559300738e-62 2.2456108156301357e-36
9.6470598790658587e+03 8.0889197072626600e-10 1.5731056075828109e-62 1.7308709714426950e-36
1.0724752722880339e+04 8.0450935832976331e-10 2.4010341964429155e-62 1.7205698757362094e-36
1.1922836844469384e+04 8.0013987715435329e-10 3.4701230171427990e-62 8.6340431828477336e-37
1.3254761400378327e+04 7.9578319505276273e-10 4.3228228582914825e-62 -2.1562965995999737e-36
1.4735477980012467e+04 7.9143850891519335e-10 6.5032283703581847e-62 -4.5383694346224671e-36
1.6381608445492937e+04 7.8710791905135600e-10 8.2872153552918920e-62 -6.1879411708699219e-36
1.8211631521247713e+04 7.8278980199101958e-10 1.2548660405883364e-61 -8.4855390937568708e-36
2.0246090227907527e+04 7.7848474861854081e-10 1.7149513725349775e-61 -1.1539654126275703e-35
2.2507822489068843e+04 7.7419243250929795e-10 2.0983658490216129e-61 -1.2615727915854650e-35
2.5022217499610018e+04 7.6991251391067532e-10 3.3710725835150438e-61 -1.2972376867371954e-35
2.7817500733439225e+04 7.6564576823747024e-10 3.8060038288047969e-61 -1.0990061866482650e-35
3.0925050790040845e+04 7.6139180281593927e-10 5.1119913056354086e-61 -6.4604589959950908e-36
3.4379751636600966e+04 7.5715101376505190e-10 7.8074267146659361e-61 -2.5395421110299762e-36
3.8220384199822060e+04 7.5292317281464610e-10 1.0298884760168337e-60 6.8130446245070048e-36
4.2490061703262116e+04 7.4870780714583528e-10 1.4654438484390399e-60 1.8239936939326225e-35
4.7236713637102439e+04 7.4449799879423345e-10 1.7450702992049809e-60 2.2496070704806766e-35
5.2513623793168197e+04 7.4029111968986172e-10 2.7376767362786352e-60 4.0683870238097813e-35
5.8380028404947523e+04 7.3609710392254359e-10 3.7359652172652054e-60 5.2210035016187505e-35
6.4901781107055533e+04 7.3191600647450174e-10 5.2192327361191760e-60 6.0553553597338752e-35
7.2152092178687482e+04 7.2774772470420083e-10 6.9117773234498097e-60 6.5052945848577531e-35
8.0212350369470121e+04 7.2359237050492293e-10 1.1025818173755091e-59 6.3308298960520183e-35
8.9173036533168415e+04 7.1944980710067241e-10 1.3298582192306328e-59 4.6306978093132990e-35
9.9134739325284652e+04 7.1532030334079282e-10 1.8926739525561763e-59 1.7719579366493002e-35
1.1020928436631887e+05 7.1120352913083686e-10 2.3949833322611997e-59 -1.3665550950826188e-35
1.2252098954617704e+05 7.0709902600618433e-10 3.2708443949605827e-59 -6.0868121260701117e-35
1.3620806056120261e+05 7.0300762296088647e-10 4.9066539652129122e-59 -1.1129924474196005e-34
1.5142414234951959e+05 6.9892897593967301e-10 6.7762370965079034e-59 -1.8398404220745577e-34
1.6834004384039101e+05 6.9486326461185293e-10 9.6188896357931946e-59 -2.4976365467131716e-34
1.8714565537887410e+05 6.9081042887756209e-10 1.2090759484946631e-58 -2.8890411291187445e-34
2.0805208034991028e+05 6.8677005735377494e-10 1.5146766016852942e-58 -3.0167922640228415e-34
2.3129400493051275e+05 6.8274161825584205e-10 2.3760684642663354e-58 -3.3269882067292152e-34
2.5713233257183983e+05 6.7872820197066644e-10 3.5598210240927380e-58 -2.8774419867463992e-34
2.8585711278465000e+05 6.7472047780503943e-10 4.2953094467698194e-58 -2.5109450666059156e-34
3.1779079710540251e+05 6.7071525887861287e-10 6.2096998978363391e-58 -1.9113653354281349e-35
3.5329185879299114e+05 6.6672285865228959e-10 8.5947342540679364e-58 1.9275117047383819e-34
3.9275881688924122e+05 6.6274310412378433e-10 1.1310391480760216e-57 4.3950781841039024e-34
4.3663470981544576e+05 6.5877645219260494e-10 1.4496645017102710e-57 7.1167230300877893e-34
4.8541206872354285e+05 6.5482265483066233e-10 2.1766864346385831e-57 1.0894700591021358e-33
5.3963844643057126e+05 6.5088174236106415e-10 2.7871737099145281e-57 1.3374149013599249e-33
5.9992256400170445e+05 6.4695314397299072e-10 3.6369379433024915e-57 1.5008478746056886e-33
6.6694114398071426e+05 6.4303722430806810e-10 5.6881561354541846e-57 1.6732775236197783e-33
7.4144650697458722e+05 6.3913425566534828e-10 8.2017177202104287e-57 1.5957186380192652e-33
8.2427501686822856e+05 6.3524407688363070e-10 1.0016823797495881e-56 1.4379538580643228e-33
9.1635646947137453e+05 6.3136660835350956e-10 1.5625281854576698e-56 5.4931621551345526e-34
1.0187245299905542e+06 6.2750142298444115e-10 2.0464830796250911e-56 -4.1670328732281291e-34
1.1325283364924164e+06 6.2364925821368033e-10 2.8104204809842543e-56 -1.7203369486834509e-33
1.2590453996137383e+06 6.1980996641250582e-10 3.7896261604119941e-56 -3.2188888704955869e-33
1.3996959433245396e+06 6.1598337907859156e-10 4.8114958745004301e-56 -4.5338832117335834e-33
1.5560588477271835e+06 6.1216940842726995e-10 6.7356586416253870e-56 -6.1936929256581428e-33
1.7298893728583464e+06 6.0836339405923051e-10 1.0354818854339928e-55 -7.9243709573693064e-33
1.9231388624531606e+06 6.0455955269785038e-10 1.3319258841057504e-55 -8.6878980115642958e-33
2.1379766488573621e+06 6.0076887946425441e-10 1.8844470798156919e-55 -8.4752514721557637e-33
2.3768144049819834e+06 5.9699099545524217e-10 2.5696042853068903e-55 -7.7882961584421147e-33
2.6423332166649671e+06 5.9322596099524750e-10 3.4549452909464786e-55 -4.6513389222190378e-33
2.9375136793417339e+06 5.8947354112689419e-10 5.1856311643433002e-55 -1.3081806455881888e-34
3.2656693568765298e+06 5.8573345840472616e-10 7.0791422001705156e-55 5.8484837646621477e-33
3.6304839781485670e+06 5.8200628413434001e-10 8.5577943114570177e-55 1.2206507667154878e-32
4.0360527889448921e+06 5.7829197283023007e-10 1.2520627752464032e-54 2.0570974721067387e-32
4.4869285233582426e+06 5.7459033668615166e-10 1.7644829035221078e-54 2.9094832772539863e-32
4.9881725107437856e+06 5.7090096808268751e-10 2.1979218870456029e-54 3.5274135257124202e-32
5.5454114919390604e+06 5.6722428867917973e-10 3.4030686949707284e-54 4.2862427330626626e-32
6.1649007825402087e+06 5.6356036952448360e-10 4.4506720133627003e-54 4.5470379344475722e-32
6.8535944922772888e+06 5.5990915515489116e-10 5.7072605551106457e-54 3.9344435502013558e-32
7.6192235887402808e+06 5.5627074733121788e-10 8.0864952842989327e-54 3.2530370035903891e-32
8.4703826817636210e+06 5.5264481663325945e-10 1.2481115737053914e-53 1.2369015342093730e-32
9.4166265026727859e+06 5.4903154238577878e-10 1.6954073090673345e-53 -1.4799727156605969e-32
1.0468577161424838e+07 5.4542635609708431e-10 1.9912884873917396e-53 -4.5622835304226631e-32
1.1638043385664679e+07 5.4182444381796764e-10 3.3652213576529708e-53 -9.3044742375200122e-32
1.2938153080220424e+07 5.3823565100730700e-10 3.8638554647932438e-53 -1.2438304210119694e-31
1.4383500695091808e+07 5.3465923606671443e-10 5.2757794395091990e-53 -1.6354711240014906e-31
1.5990311056219373e+07 5.3109540911636098e-10 7.8877524338464853e-53 -2.0393827427586883e-31
1.7776621498123996e+07 5.2754441518723310e-10 9.1223241110961789e-53 -2.0741029992488689e-31
1.9762484342958122e+07 5.2400607551455858e-10 1.3683898386373948e-52 -2.0967987989958813e-31
2.1970191998905953e+07 5.2048039107736597e-10 1.8757085252369904e-52 -1.7289897646777293e-31
2.4424527204788785e+07 5.1696708490865182e-10 2.5900282942945582e-52 -1.0732201403618117e-31
2.7153041230007082e+07 5.1346632401476384e-10 3.6976303110613683e-52 3.3751082099477504e-33
3.0186363152769994e+07 5.0997824879695316e-10 4.8866470107214851e-52 1.4337785389311197e-31
3.3558543688429266e+07 5.0650282652252004e-10 6.7720298758354581e-52 3.3438821199282422e-31
3.7307437427581258e+07 5.0303994672166717e-10 1.0278193965588214e-51 5.6919969593841309e-31
4.1475127774772726e+07 4.9958972421739433e-10 1.3753807609318638e-51 7.7279066149471520e-31
4.6108399357978664e+07 4.9615180968468339e-10 1.6627454221904608e-51 9.0288455298559031e-31
5.1259263211914390e+07 4.9272670816333565e-10 2.3848460139478259e-51 1.0524234063996287e-30
5.6985540630649552e+07 4.8931433510823319e-10 3.2965308384753310e-51 1.0903506731785256e-30
6.3351512243598334e+07 4.8590986625794541e-10 4.5553641278708189e-51 9.8992662035437908e-31
7.0428639601116061e+07 4.8250983026466387e-10 6.0450517784124451e-51 7.3687254233729481e-31
7.8296367369906321e+07 4.7912228224994328e-10 8.4927515788884108e-51 2.6279891679842059e-31
8.7043015143319786e+07 4.7574750677037660e-10 1.1679352941637308e-50 -3.9242020358059884e-31
9.6766768877609938e+07 4.7238546332621773e-10 1.6064349396559740e-50 -1.2552339857394658e-30
1.0757678308356987e+08 4.6903592969173360e-10 2.2252085024526365e-50 -2.1601273773322761e-30
1.1959440614625241e+08 4.6569886823301678e-10 3.0312207847561545e-50 -3.2977002660598479e-30
1.3295454252767439e+08 4.6237423038717124e-10 4.2261043251862423e-50 -4.3422561471854658e-30
1.4780716714397058e+08 4.5906218699670489e-10 5.7121582801374488e-50 -5.0927303145414669e-30
1.6431900891673732e+08 4.5576298964166160e-10 7.7725058882474870e-50 -5.4520420600850683e-30
1.8267542239733818e+08 4.5247607651640587e-10 1.0769641264306055e-49 -5.2605247585175892e-30
2.0308246847420511e+08 4.4920157339949733e-10 1.4663317389772895e-49 -4.3253825858050142e-30
2.2576922752021948e+08 4.4593949872625876e-10 2.1622503839200380e-49 -2.3613316397537297e-30
2.5099037094652256e+08 4.4269027377821151e-10 2.9896520682139249e-49 4.4496774223571384e-31
2.7902902002989388e+08 4.3945349773308185e-10 3.7998693298607150e-49 4.4819129864148235e-30
3.1019992410558105e+08 4.3622929088746568e-10 5.5414360746370838e-49 9.4596848500099799e-30
3.4485299380257738e+08 4.3301751691710782e-10 7.4791250550276081e-49 1.4601449776442993e-29
3.8337722898386037e+08 4.2981339146358478e-10 1.0413164537782830e-48 2.0083231795416713e-29
4.2620508548487365e+08 4.2661516680265474e-10 1.3726700687223831e-48 2.4192189590231911e-29
4.7381732966935211e+08 4.2342940560666128e-10 1.8644424007239035e-48 2.6999183924556856e-29
5.2674843529750252e+08 4.2025637683787919e-10 2.7412006582259935e-48 2.8592680918841209e-29
5.8559258328941751e+08 4.1709553807362268e-10 3.4894516166875848e-48 2.4127130122699309e-29
6.5101033173433805e+08 4.1394738045011138e-10 4.9152466739335490e-48 1.6834502813599071e-29
7.2373603102037740e+08 4.1081168706882019e-10 6.6856502356763432e-48 4.3903202507647383e-30
8.0458606732354689e+08 4.0768865909237901e-10 9.1820709037061994e-48 -1.3315709497996632e-29
8.9446802699386978e+08 4.0457805784549648e-10 1.2586466114566232e-47 -3.6060453359372460e-29
9.9439088471386695e+08 4.0147971309428931e-10 1.7433073093698051e-47 -6.0757264069374600e-29
1.1054763297970803e+09 3.9839389400250925e-10 2.3863895202798948e-47 -8.8023402584193713e-29
1.2289713577707145e+09 3.9532056281533718e-10 3.2371000228985823e-47 -1.1195678527452743e-28
1.3662622685897174e+09 3.9225981352114463e-10 4.4295917341196183e-47 -1.3016932347972517e-28
1.5188902286201172e+09 3.8921154004233643e-10 6.1953716995698347e-47 -1.3880696085298063e-28
1.6885685710833631e+09 3.8617549115977595e-10 8.8739656952557896e-47 -1.3341407660449928e-28
1.8772020291689079e+09 3.8315203801925709e-10 1.2386871708062858e-46 -1.0454382864070846e-28
2.0869081177171183e+09 3.8014107326056627e-10 1.5716721107355413e-46 -4.8776756174767629e-29
2.3200409034938946e+09 3.7713732281954707e-10 2.2075088774066687e-46 2.7711686511942330e-29
2.5792174308914280e+09 3.7414071993944223e-10 3.0288105148952631e-46 1.3174312816771449e-28
2.8673470996980762e+09 3.7115663356729846e-10 4.1586741540585417e-46 2.5123565287684767e-28
3.1876643247193766e+09 3.6818489380533138e-10 5.7942376258150335e-46 3.8991649323204627e-28
3.5437648438720889e+09 3.6522591055329472e-10 8.1437278846967862e-46 5.2638184298581849e-28
3.9396460823300238e+09 3.6227940662128145e-10 1.0768116188493643e-45 6.2417391729154068e-28
4.3797520258312025e+09 3.5934515700077814e-10 1.4555990942175724e-45 6.8116772293909004e-28
4.8690231068745108e+09 3.5642316423408135e-10 2.0388798790920498e-45 6.8509342078757603e-28
5.4129516638053608e+09 3.5351385421171090e-10 2.8005283718397048e-45 5.8606713415685524e-28
6.0176435953497267e+09 3.5061681792403544e-10 3.7732183112236007e-45 3.6523726176137940e-28
6.6898869027026281e+09 3.4773238371026053e-10 5.3011355628635714e-45 2.4154947594764195e-29
7.4372278885936241e+09 3.4486011674515612e-10 7.2489738619274946e-45 -4.4172240944996568e-28
8.2680558687067337e+09 3.4200043619039881e-10 9.8028440045211268e-45 -1.0260793021514293e-27
9.1916973463862553e+09 3.3915305255258502e-10 1.3572173626418037e-44 -1.6628415597104680e-27
1.0218520707792385e+10 3.3631809638909585e-10 1.8938834877266363e-44 -2.3417819050174323e-27
1.1360052612767431e+10 3.3349572459853199e-10 2.5672712378678924e-44 -2.9184997504874540e-27
1.2629107387963917e+10 3.3068539376147331e-10 3.5403457514654727e-44 -3.3398893468013941e-27
1.4039930874745329e+10 3.2788137044789081e-10 4.9224875742591368e-44 -3.5227865115994849e-27
1.5608360346629932e+10 3.2508656031750153e-10 6.6512890833844165e-44 -3.1867148050795664e-27
1.7352002291440819e+10 3.2230433651975205e-10 9.2108216832679115e-44 -2.3381930097547423e-27
1.9290430053863735e+10 3.1953430804060124e-10 1.2621080203993849e-43 -8.6752416219843344e-28
2.1445403557061783e+10 3.1677670217261454e-10 1.7374734383522063e-43 1.2797308878648053e-27
2.3841113569840939e+10 3.1403147218459784e-10 2.3812737578896297e-43 3.8759545193896228e-27
2.6504453261402260e+10 3.1129876701620113e-10 3.2670603814560380e-43 7.0488071406045395e-27
2.9465320092032490e+10 3.0857840345519829e-10 4.4636059474164392e-43 1.0321398146039435e-26
3.2756951428621647e+10 3.0587038363504591e-10 6.1623099254698758e-43 1.3477608082473934e-26
3.6416297652480782e+10 3.0317451227126144e-10 8.4089019746900724e-43 1.5866852324639679e-26
4.0484436947796867e+10 3.0049110460135268e-10 1.1701474043393277e-42 1.7147351763606115e-26
4.5007036426958160e+10 2.9782000713789992e-10 1.5755995439996564e-42 1.6318666791078847e-26
5.0034864769133354e+10 2.9516163093200457e-10 2.1899957366998062e-42 1.3404660466310412e-26
5.5624362126761398e+10 2.9251532366988633e-10 3.0310129976466576e-42 7.3317325369664087e-27
6.1838273697460411e+10 2.8988130451520377e-10 4.1253218768139690e-42 -1.9019064469149790e-27
6.8746354073555756e+10 2.8725976676984726e-10 5.6719505734658299e-42 -1.4397645743072918e-26
7.6426150275938675e+10 2.8465044951326726e-10 7.8722831790879266e-42 -2.9185827200070443e-26
8.4963872262239990e+10 2.8204625064839464e-10 1.0731555912359262e-41 -4.5415608262946055e-26
9.4455360681263519e+10 2.7945320308974891e-10 1.4799521239855078e-41 -6.1467141326877630e-26
1.0500716273724559e+11 2.7687232700394824e-10 1.9870863626066298e-41 -7.4169232418885462e-26
1.1673772824112166e+11 2.7430417364037265e-10 2.7838147982889205e-41 -8.3436803639157132e-26
1.2977873927512733e+11 2.7174817604493023e-10 3.8217953195241013e-41 -8.3768367788045119e-26
1.4427658839696854e+11 2.6920460538524464e-10 5.1989490650467389e-41 -7.2511297981564611e-26
1.6039402197720148e+11 2.6667310401650412e-10 7.1660169991666863e-41 -4.7574290518384437e-26
1.7831196711720651e+11 2.6415421484996802e-10 9.9661616967930126e-41 -7.6834536382871324e-27
1.9823156265591608e+11 2.6164751265479310e-10 1.3668450334292362e-40 4.7538327920267266e-26
2.2037641706446158e+11 2.5915302897493347e-10 1.8901862108312401e-40 1.1721402302533723e-25
2.4499511857487799e+11 2.5667094758365405e-10 2.5823370055307588e-40 1.9644457021281716e-25
2.7236402572041776e+11 2.5420102958705996e-10 3.5536085087903910e-40 2.7654669556378564e-25
3.0279036961285437e+11 2.5174363921741743e-10 4.8738288528376596e-40 3.4856036082768831e-25
3.3661570278154675e+11 2.4929859188172783e-10 6.6145843007493770e-40 3.9759097410041066e-25
3.7421973328937524e+11 2.4686570082262158e-10 9.1378388511014180e-40 4.1621105078857946e-25
4.1602458716565894e+11 2.4444487887459220e-10 1.2494734168193231e-39 3.7992970507599460e-25
4.6249954700416882e+11 2.4203530415265194e-10 1.7251689670590179e-39 2.7951169794540753e-25
5.1416631991965692e+11 2.3963183543821846e-10 2.4018084465985665e-39 1.1075475085819078e-25
5.7160489399861450e+11 2.3724071592455691e-10 3.2663137251806177e-39 -1.3438629018913494e-25
6.3546004898613257e+11 2.3486161139134151e-10 4.4047768454685439e-39 -4.5735489910818818e-25
7.0644859429498987e+11 2.3249499218653406e-10 6.2455361963608597e-39 -8.3550241589910988e-25
7.8536741558753491e+11 2.3014063232536870e-10 8.4851742188871872e-39 -1.2262606281583365e-24
8.7310242025775391e+11 2.2779855276683864e-10 1.1714218805080104e-38 -1.6024873641066020e-24
9.7063848223149133e+11 2.2546865228331990e-10 1.6013390250406695e-38 -1.8888793786401595e-24
1.0790704977206578e+12 2.2315092500907687e-10 2.1964444027136698e-38 -2.0283750909402182e-24
1.1996156760384939e+12 2.2084623281416303e-10 3.0584408070532777e-38 -1.9545051664870599e-24
1.3336272034469346e+12 2.1855270323029709e-10 4.1495369098285322e-38 -1.5650853876628520e-24
1.4826094334204373e+12 2.1627203120990761e-10 5.6645249794169960e-38 -8.3435244167551646e-25
1.6482347738452651e+12 2.1400353024352928e-10 7.8114566682951189e-38 2.5725182429559423e-25
1.8323624607225598e+12 2.1174720143479156e-10 1.0765774003395279e-37 1.7101484903048858e-24
2.0370594291201616e+12 2.0950290681830283e-10 1.4699074959566212e-37 3.4750298155053600e-24
2.2646235156613242e+12 2.0727122178076296e-10 2.0401565916229760e-37 5.3961228114393451e-24
2.5176092530110361e+12 2.0505169256617956e-10 2.7962629841485439e-37 7.2635612174082659e-24
2.7988565459172070e+12 2.0284082439595425e-10 3.8013411287201072e-37 8.7796198035718443e-24
3.1115225507114307e+12 2.0063912594386563e-10 5.2693566143242186e-37 9.7471925313984827e-24
3.4591171161339536e+12 1.9844942835282513e-10 7.3093962229890094e-37 9.7279493149640711e-24
3.8455421833259873e+12 1.9627261092483994e-10 9.8773314928577357e-37 8.2659972830010494e-24
4.2751355872759795e+12 1.9410743649578880e-10 1.3690723010538821e-36 5.2758520378230794e-24
4.7527197514151045e+12 1.9195598827674231e-10 1.8773582875804818e-36 4.7392777434855325e-25
5.2836558219862305e+12 1.8981389598207222e-10 2.6628855768677322e-36 -6.3231244767185870e-24
5.8739038498739180e+12 1.8768673887538375e-10 3.5500265459107116e-36 -1.4268776197719435e-23
6.5300896954702939e+12 1.8557007785172836e-10 4.8757883146580689e-36 -2.3426751198651477e-23
7.2595794076204150e+12 1.8346579323239570e-10 6.5967668960711040e-36 -3.2436258095979238e-23
8.0705619115926768e+12 1.8137464379617069e-10 9.2015925693427766e-36 -4.0764518886057065e-23
8.9721409342914551e+12 1.7929498282487053e-10 1.2649120770159885e-35 -4.6245696110939636e-23
9.9744371986240430e+12 1.7722789006628669e-10 1.7345206774445204e-35 -4.7350113974356434e-23
1.1088702034209930e+13 1.7517307745703227e-10 2.3645703890169875e-35 -4.2307504120196737e-23
1.2327443679774982e+13 1.7312853766238633e-10 3.2710610421521281e-35 -2.9947192273038882e-23
1.3704567695045988e+13 1.7109936128124016e-10 4.5033244394777159e-35 -8.9677580646743084e-24
1.5235533058345021e+13 1.6907925479969203e-10 6.2152975942139775e-35 2.0806298420110954e-23
1.6937525702166773e+13 1.6706752683434219e-10 8.5036503440527311e-35 5.8208051441190574e-23
1.8829651434770367e+13 1.6506846248869255e-10 1.1705203020533203e-34 1.0126414653622175e-22
2.0933150413439219e+13 1.6308142313016209e-10 1.6076265714129284e-34 1.4593160390260666e-22
2.3271635576987219e+13 1.6110527735435493e-10 2.1869900800352023e-34 1.8581024300979038e-22
2.5871357714049887e+13 1.5914151806437850e-10 3.0246189843866801e-34 2.1641986680354509e-22
2.8761500142698008e+13 1.5718919116998803e-10 4.1580873723827237e-34 2.2776583770511801e-22
3.1974506309314129e+13 1.5525290544397753e-10 5.6650750625504594e-34 2.1114858154782236e-22
3.5546443984213695e+13 1.5332604343978435e-10 7.8084285579760666e-34 1.6122453613577701e-22
3.9517410142303648e+13 1.5141063604809934e-10 1.0768247009400521e-33 7.1129551344695600e-23
4.3931981073791227e+13 1.4950891920647975e-10 1.4833959605450784e-33 -6.1256851222527357e-23
4.8839712777681156e+13 1.4761874948098735e-10 2.0410749620691628e-33 -2.3266210800621553e-22
5.4295697255260266e+13 1.4574146252228056e-10 2.7891351629174145e-33 -4.3214373891536109e-22
6.0361180948264484e+13 1.4386934178470687e-10 3.8399209335408024e-33 -6.4573943074596516e-22
6.7104252264043648e+13 1.4202075453377050e-10 5.2718648486892366e-33 -8.4628726980245416e-22
7.4600605905572734e+13 1.4017922895994565e-10 7.2375596234176988e-33 -1.0023726495799026e-21
8.2934392586333109e+13 1.3834925481482446e-10 9.8893266787786971e-33 -1.0741546271627987e-21
9.2199163668591891e+13 1.3652689369907753e-10 1.3646921755533433e-32 -1.0295395947768274e-21
1.0249892132915478e+14 1.3472005594276474e-10 1.8567444402220259e-32 -8.2203718590226791e-22
1.1394928604129280e+14 1.3292224529623526e-10 2.5571663504785736e-32 -4.3431182584185502e-22
1.2667879447846409e+14 1.3113618766739887e-10 3.5499490123047904e-32 1.5354319450840315e-22
1.4083034240953181e+14 1.2936083609586909e-10 4.8897889819539585e-32 9.3163387728558018e-22
1.5656278878275631e+14 1.2760276845433466e-10 6.7084850137945239e-32 1.8554038476049833e-21
1.7405273900530491e+14 1.2585192492903109e-10 9.2036984772426157e-32 2.8536020983089514e-21
1.9349652743657334e+14 1.2411022889973692e-10 1.2711904923834947e-31 3.8304291622678338e-21
2.1511242134989394e+14 1.2238836365603743e-10 1.7433755917998576e-31 4.6154601184931845e-21
2.3914307110334241e+14 1.2067610194483111e-10 2.3916021471535609e-31 5.0491452919059177e-21
2.6585823402413428e+14 1.1897410513883411e-10 3.2859553263191902e-31 4.9500707014560929e-21
2.9555780258374162e+14 1.1728853170555050e-10 4.4726860712197481e-31 4.1221796986064296e-21
3.2857517085666325e+14 1.1561035402120658e-10 6.2258550909973120e-31 2.4651493232132939e-21
3.6528097705319538e+14 1.1394467236373583e-10 8.4901534956170696e-31 -1.2844306254984921e-22
4.0608726413823975e+14 1.1229652390383497e-10 1.1597759252039663e-30 -3.6124925812802823e-21
4.5145210524134494e+14 1.1065437220167053e-10 1.5928429810812143e-30 -7.8419129098873486e-21
5.0188474578080750e+14 1.0901759224669842e-10 2.1876573755476840e-30 -1.2491460398684485e-20
5.5795132002497800e+14 1.0740156056665046e-10 2.9926376052485299e-30 -1.7029065596798208e-20
6.2028120626239638e+14 1.0580091303675986e-10 4.0843014254104214e-30 -2.0787023772849866e-20
6.8957409192097488e+14 1.0419700380459538e-10 5.6270130572134865e-30 -2.3098026233003132e-20
7.6660782794615588e+14 1.0261870088135967e-10 7.7142266583463016e-30 -2.2955710442561059e-20
8.5224716060776350e+14 1.0104834153055538e-10 1.0615346015365235e-29 -1.9623866600757926e-20
9.4745343875487250e+14 9.9490749769482978e-11 1.4628953427531628e-29 -1.2402727078635927e-20
1.0532954054880964e+15 9.7940139016028844e-11 2.0206366444079247e-29 -8.8322167966537790e-22
1.1709611953916482e+15 9.6398285005807296e-11 2.7948579134947495e-29 1.4892418522672683e-20
1.3017716720008465e+15 9.4876148736549883e-11 3.8370088335983588e-29 3.4084637226138527e-20
1.4471952552254088e+15 9.3370939447728027e-11 5.2869717021402452e-29 5.5479710288228643e-20
1.6088644051747145e+15 9.1873458446763940e-11 7.2699978272324669e-29 7.6743294776993470e-20
1.7885939474248922e+15 9.0387298597168518e-11 9.9948565427790833e-29 9.4966180472121568e-20
1.9884014454391235e+15 8.8911144561058716e-11 1.3722825472987714e-28 1.0650442531519677e-19
2.2105298488328112e+15 8.7446197305648265e-11 1.8842892803420175e-28 1.0748869592159584e-19
2.4574726717228060e+15 8.5995228847657635e-11 2.5822929246494037e-28 9.3955773216903021e-20
2.7320019838018415e+15 8.4552471579974966e-11 3.5401232427121106e-28 6.2848706751493259e-20
3.0371995283531235e+15 8.3125234603675923e-11 4.8400501876284214e-28 1.2249132697576752e-20
3.3764913165222350e+15 8.1706709914974075e-11 6.6152196202626095e-28 -5.7673326538523609e-20
3.7536860861861140e+15 8.0303524381713197e-11 9.0387233150293261e-28 -1.4388012500817272e-19
4.1730180571410115e+15 7.8908399143367489e-11 1.2345628029541749e-27 -2.3999135706944657e-19
4.6391944625604800e+15 7.7526340947280746e-11 1.6896417671342427e-27 -3.3631049901772409e-19
5.1574483902897140e+15 7.6154766138081584e-11 2.3141561314674022e-27 -4.1898602847720878e-19
5.7335975271494490e+15 7.4796293670029779e-11 3.1756289359400365e-27 -4.7169988203438403e-19
6.3741094656862550e+15 7.3456959345935081e-11 4.3714878213936745e-27 -4.7664645453354370e-19
7.0861743064743180e+15 7.2121044153110382e-11 6.0351101913366021e-27 -4.1626969079989724e-19
7.8777853709687760e+15 7.0799089101100988e-11 8.3540927303670817e-27 -2.7577877877933643e-19
8.7578289309576670e+15 6.9490850589131510e-11 1.1560583475411753e-26 -4.6719072484945611e-20
9.7361839618750060e+15 6.8193776769143160e-11 1.6015636895427085e-26 2.7004324711793446e-19
1.0823833039760650e+16 6.6906175862865508e-11 2.2168491845219326e-26 6.6120601041187970e-19
1.2032985626747790e+16 6.5634835190883019e-11 3.0653403950253650e-26 1.0983001069241184e-18
1.3377215129024268e+16 6.4371228062716670e-11 4.2308216360999661e-26 1.5360744994109229e-18
1.4871611265820386e+16 6.3120652051071526e-11 5.8294966472417624e-26 1.9143350954486002e-18
1.6532949459848132e+16 6.1880156564949556e-11 8.0102420944306908e-26 2.1591111393289520e-18
1.8379879150694976e+16 6.0646127016463633e-11 1.0981226251291180e-25 2.1908303825235555e-18
2.0433133145091888e+16 5.9437084548070164e-11 1.5008100503759280e-25 1.9313732971676675e-18
2.2715760354129736e+16 5.8235432238437626e-11 2.0447698416369534e-25 1.3172998294367910e-18
2.5253384530027548e+16 5.7043854196818669e-11 2.7786440017559569e-25 3.1257582433605091e-19
2.8074491906914712e+16 5.5866473083596226e-11 3.7680417815851578e-25 -1.0752274846128073e-18
3.1210750974556992e+16 5.4698251036956382e-11 5.1067245552049366e-25 -2.7808638377978240e-18
3.4697367974659156e+16 5.3531112628062791e-11 6.9246157637568899e-25 -4.6703595913617523e-18
3.8573482110390040e+16 5.2388343780974691e-11 9.4152603597402884e-25 -6.5378965412838105e-18
4.2882604905572368e+16 5.1263929210936064e-11 1.2864686837123037e-24 -8.1111410392599201e-18
4.7673108645591888e+16 5.0142803661582760e-11 1.7673241310857083e-24 -9.0557693280362030e-18
5.2998769383039024e+16 4.9042283958255923e-11 2.4432922255335568e-24 -9.0189939152338229e-18
5.8919370603625992e+16 4.7934837599848352e-11 3.3943616532087400e-24 -7.6586389381857189e-18
6.5501374328861720e+16 4.6846929583542398e-11 4.7353100005415132e-24 -4.7047987138960481e-18
7.2818667188980304e+16 4.5785037940823372e-11 6.6236290913795330e-24 -1.9663853537790550e-20
8.0953389841211648e+16 4.4719154195729950e-11 9.2689398901764255e-24 6.3367193318236550e-18
8.9996859044062912e+16 4.3673915036728345e-11 1.2960261993886659e-23 1.4048363451585149e-17
1.0005059273841235e+17 4.2636763159734870e-11 1.8082443627119708e-23 2.2497181560896432e-17
1.1122744964250990e+17 4.1614628836207455e-11 2.5130785093806846e-23 3.0743007265980384e-17
1.2365289615348054e+17 4.0592664531073423e-11 3.4751191209492264e-23 3.7557807119112638e-17
1.3746641477698467e+17 3.9594616248977873e-11 4.7758623782205371e-23 4.1514283618892428e-17
1.5282306989544848e+17 3.8605309504966457e-11 6.5157739849077654e-23 4.1081257432906155e-17
1.6989524845147501e+17 3.7629502132985866e-11 8.8205644802966560e-23 3.4869357474146740e-17
1.8887459508656189e+17 3.6664767841059693e-11 1.1858346177469083e-22 2.1839585989766773e-17
2.0997416345814822e+17 3.5715181482283020e-11 1.5840760503519007e-22 1.5877702940032643e-18
2.3343080788468630e+17 3.4757073267820469e-11 2.1087226763552352e-22 -2.5325717099456902e-17
2.5950784216629674e+17 3.3841776756851675e-11 2.8090952741826603e-22 -5.7278780124540147e-17
2.8849799542773254e+17 3.2913674399602360e-11 3.7574237706001598e-22 -9.1156592964263719e-17
3.2072669816461069e+17 3.2010719588192375e-11 5.0690579262387862e-22 -1.2269969547842112e-16
3.5655573538063174e+17 3.1117313633994175e-11 6.9152774908388357e-22 -1.4634340610182032e-16
3.9638730782422573e+17 3.0241717594283129e-11 9.5556587012769783e-22 -1.5583805010338662e-16
4.4066854691428915e+17 2.9362293582212549e-11 1.3364808787226466e-21 -1.4474862676674921e-16
4.8989653403751430e+17 2.8508126976879085e-11 1.8898866374098636e-21 -1.0752877102838564e-16
5.4462388056175379e+17 2.7665529380472189e-11 2.6923966312593519e-21 -4.0499054624919827e-17
6.0546493120408538e+17 2.6833046932626712e-11 3.8526871632195820e-21 5.6989607254650157e-17
6.7310266038986368e+17 2.6005473695202795e-11 5.5139311997820080e-21 1.8120262519445420e-16
7.4829633901818752e+17 2.5199997720210100e-11 7.8662217979045150e-21 3.2370109372196119e-16
8.3189005769743040e+17 2.4405134311790266e-11 1.1138307375272658e-20 4.7016140776452900e-16
9.2482220212895347e+17 2.3612970857649838e-11 1.5592036524763645e-20 6.0069317106761992e-16
1.0281359870053041e+18 2.2844187545420403e-11 2.1537785834099320e-20 6.9232922324696154e-16
1.1429911666718255e+18 2.2077113614358286e-11 2.9280090823648131e-20 7.1899268504911624e-16
1.2706770540102400e+18 2.1331179931024897e-11 3.9176399200219931e-20 6.5687442512950449e-16
1.4126269936885089e+18 2.0598280327949975e-11 5.1642085912334613e-20 4.8711400997938875e-16
1.5704344522470249e+18 1.9874174226975711e-11 6.7204809565738241e-20 2.0057401314383045e-16
1.7458709056413773e+18 1.9165073410747486e-11 8.6799979764485516e-20 -1.9569532417438193e-16
1.9409057250392110e+18 1.8459985577187517e-11 1.1174836557180898e-19 -6.7634113222412770e-16
2.1577282841001559e+18 1.7770333661090279e-11 1.4473417036248266e-19 -1.1942713485670901e-15
2.3987725359054961e+18 1.7098634804289175e-11 1.9004469028840795e-19 -1.6809603842353999e-15
2.6667443354268943e+18 1.6437734076731917e-11 2.5517009331887905e-19 -2.0480278646569310e-15
2.9646518142442168e+18 1.5789416287765582e-11 3.5237184674545741e-19 -2.1957013203541354e-15
3.2958391484853842e+18 1.5144798141242226e-11 5.0179463440389984e-19 -2.0250718954397703e-15
3.6640240990519091e+18 1.4524427287044019e-11 7.3404363190331156e-19 -1.4516482148591804e-15
4.0733397455402819e+18 1.3906089949483681e-11 1.0920771894905318e-18 -4.2487888387135266e-16
