# k_modes  P_R(k)  P_S(k)  P_RS(k)  P_T(k)  beta_iso  cosDelta
4.5673016486928767e-05 1.5658409068059992e-07 1.0894565024438764e-57 -1.2932424110453013e-32 1.0287272257504987e-11 6.9576449159585999e-51 -9.9015041451012586e-01
5.0774933863183912e-05 1.4698092540952463e-07 1.0229344693496282e-57 -1.2133579627696033e-32 1.0286814927280477e-11 6.9596409636113250e-51 -9.8954272286264633e-01
5.6446762379895238e-05 1.3797207690572402e-07 9.5997846888360667e-58 -1.1381048228411613e-32 1.0286365549988065e-11 6.9577735612370151e-51 -9.8890805998398923e-01
6.2752164124090361e-05 1.2952070240296019e-07 9.0245352707688956e-58 -1.0684096955948983e-32 1.0285923909258255e-11 6.9676392293581629e-51 -9.8822492097281633e-01
6.9761912574445886e-05 1.2159234657595658e-07 8.4505196294972197e-58 -1.0009775859960006e-32 1.0285491842261591e-11 6.9498779055294653e-51 -9.8748276730445228e-01
7.7554686981326287e-05 1.1415472273454287e-07 7.9414049082616382e-58 -9.3949863436151332e-33 1.0285067305674600e-11 6.9567029011394492e-51 -9.8673501881601977e-01
8.6217955483272002e-05 1.0717744076780210e-07 7.4425169819308206e-58 -8.8054761649507754e-33 1.0284654990833182e-11 6.9441077605639911e-51 -9.8591900294903745e-01
9.5848956872269294e-05 1.0063474092841714e-07 6.9515616756959211e-58 -8.2387280913698072e-33 1.0284250372716252e-11 6.9077155777055772e-51 -9.8501991973626379e-01
1.0655579202738790e-04 9.4497291672604550e-08 6.5344664828197058e-58 -7.7331521133197522e-33 1.0283713553519429e-11 6.9149775270375238e-51 -9.8410583034025023e-01
1.1845863726732842e-04 8.8738990895604187e-08 6.1550990306468744e-58 -7.2661655970112366e-33 1.0283152747245949e-11 6.9361832589328850e-51 -9.8317431890036355e-01
1.3169109324086048e-04 8.3336988326595665e-08 5.7500014267188169e-58 -6.7985288988395495e-33 1.0282601103750188e-11 6.8996990918182673e-51 -9.8211438211928803e-01
1.4640168449545551e-04 7.8269270127745338e-08 5.3843197767140217e-58 -6.3683954791059761e-33 1.0282057976926086e-11 6.8792257394583228e-51 -9.8099989509707497e-01
1.6275552655566105e-04 7.3515113125150236e-08 5.0751938917067873e-58 -5.9850659778929691e-33 1.0281522531792198e-11 6.9036061783199703e-51 -9.7983806739290080e-01
1.8093617922294294e-04 6.9055159627202076e-08 4.7495398457054395e-58 -5.6045340762004185e-33 1.0280994529302554e-11 6.8778927908444226e-51 -9.7862358825381646e-01
2.0114770689891629e-04 6.4871155385139150e-08 4.4759026348103572e-58 -5.2662755957857261e-33 1.0280474956230510e-11 6.8996807721968033e-51 -9.7732149605805141e-01
2.2361696905757336e-04 6.0946026932236121e-08 4.1875795581215929e-58 -4.9303424580217486e-33 1.0279960505999593e-11 6.8709639806014336e-51 -9.7593939890922132e-01
2.4859616657536512e-04 5.7263776580564049e-08 3.9144906779174652e-58 -4.6136644358369453e-33 1.0279454438193193e-11 6.8358933197676769e-51 -9.7446978810146823e-01
2.7636567249981521e-04 5.3809324863954382e-08 3.6962793808218305e-58 -4.3391559628200489e-33 1.0278956637785506e-11 6.8692171666659996e-51 -9.7295800137549426e-01
3.0723717902995186e-04 5.0568613755934256e-08 3.4666960776632522e-58 -4.0667948077677800e-33 1.0278462731532765e-11 6.8554303157191718e-51 -9.7130103530155454e-01
3.4155719603108745e-04 4.7528376596471140e-08 3.2408704709472182e-58 -3.8052136872671178e-33 1.0277978228224592e-11 6.8188116300775244e-51 -9.6955337630750604e-01
3.7971094035219494e-04 4.4676212588265081e-08 3.0386969203976603e-58 -3.5654075701460547e-33 1.0277501465258260e-11 6.8015992053807681e-51 -9.6767008434187185e-01
4.2212665960059386e-04 4.2000491923307582e-08 2.8531638962021726e-58 -3.3431417170786163e-33 1.0277030581283477e-11 6.7931678072057275e-51 -9.6574893627148561e-01
4.6928043890512408e-04 3.9490268511197940e-08 2.6834686506112546e-58 -3.1370492532726429e-33 1.0276570171328028e-11 6.7952656484225337e-51 -9.6366931622667495e-01
5.2170154462017856e-04 3.7135297099415178e-08 2.5143687696236805e-58 -2.9381115125007194e-33 1.0276118801491141e-11 6.7708325125081009e-51 -9.6152445991871704e-01
5.7997836494971854e-04 3.4926478629859356e-08 2.3456375857949101e-58 -2.7453011590711098e-33 1.0275677818999011e-11 6.7159292256551078e-51 -9.5914029505078302e-01
6.4476501417039928e-04 3.2854933967209460e-08 2.2094683562456527e-58 -2.5776019024203950e-33 1.0275139136172456e-11 6.7249210071485481e-51 -9.5669091821445873e-01
7.1678867458132981e-04 3.0911021020312897e-08 2.0676344748881167e-58 -2.4119937028873627e-33 1.0274539462438235e-11 6.6889879617026863e-51 -9.5407521088352687e-01
7.9685775858842666e-04 2.9087229518478692e-08 1.9503181267155912e-58 -2.2661091074098232e-33 1.0273947275532254e-11 6.7050666529673529e-51 -9.5143014775325341e-01
8.8587098253674053e-04 2.7376145855289106e-08 1.8263101073786741e-58 -2.1207704239814193e-33 1.0273364676764160e-11 6.6711732068954796e-51 -9.4846267303094944e-01
9.8482745413782237e-04 2.5770773329081885e-08 1.7126929984946279e-58 -1.9862600240182716e-33 1.0272788731700554e-11 6.6458735119208961e-51 -9.4543704509226523e-01
1.0948378867160350e-03 2.4264568646080813e-08 1.5936151860066682e-58 -1.8526179510416493e-33 1.0272219876449085e-11 6.5676633664949453e-51 -9.4212352954629608e-01
1.2171370661454835e-03 2.2851378766036241e-08 1.5119396686184504e-58 -1.7449315386642403e-33 1.0271659191840347e-11 6.6164045684001790e-51 -9.3876082301102826e-01
1.3530977104096759e-03 2.1525459796026661e-08 1.4162290533049880e-58 -1.6327833251660417e-33 1.0271104589269480e-11 6.5793207983710840e-51 -9.3515928070021748e-01
1.5042458773472784e-03 2.0281380629022353e-08 1.3205014112962401e-58 -1.5241677652345984e-33 1.0270554819611023e-11 6.5109049302423835e-51 -9.3135356171669093e-01
1.6722780935245196e-03 1.9114090126445370e-08 1.2498208219866619e-58 -1.4334555395883211e-33 1.0270012997742498e-11 6.5387408645597400e-51 -9.2743511366351672e-01
1.8590803964931752e-03 1.8018809144093320e-08 1.1704820534591162e-58 -1.3406651980517631e-33 1.0269477741763604e-11 6.4958901784184093e-51 -9.2315561071180563e-01
2.0667495041694402e-03 1.6991095959135591e-08 1.0972912829509140e-58 -1.2543902080533385e-33 1.0268947790958845e-11 6.4580371130264510e-51 -9.1867308835659667e-01
2.2976163489443324e-03 1.6026745594139445e-08 1.0287949810452176e-58 -1.1735415808518381e-33 1.0268424980115555e-11 6.4192382352498344e-51 -9.1392675655527889e-01
2.5542722406786114e-03 1.5121832752085372e-08 9.6807886358909720e-59 -1.0998026172712170e-33 1.0267909899514386e-11 6.4018619929227459e-51 -9.0898593766403701e-01
2.8395979522425480e-03 1.4272673621231342e-08 9.0859883334522490e-59 -1.0292472033875677e-33 1.0267401672903515e-11 6.3660030170775917e-51 -9.0381790545421958e-01
3.1567960540642495e-03 1.3475811892224443e-08 8.4673948075967075e-59 -9.5942039964830364e-34 1.0266902729964210e-11 6.2834023473438379e-51 -8.9816592245916416e-01
3.5094268606179046e-03 1.2728045287895320e-08 7.9566629237393238e-59 -8.9802364159558010e-34 1.0266410349909402e-11 6.2512842653901490e-51 -8.9236275210905935e-01
3.9014483923248684e-03 1.2026693180835235e-08 7.5079798534364456e-59 -8.4222741856861173e-34 1.0265855292719003e-11 6.2427632771080870e-51 -8.8632849241379952e-01
4.3372608014102584e-03 1.1368226804309946e-08 7.0364230548545712e-59 -7.8707014591758644e-34 1.0265204880907028e-11 6.1895519644162159e-51 -8.8001708427233394e-01
4.8217557603626249e-03 1.0750215703705759e-08 6.5867874261407447e-59 -7.3489785952216139e-34 1.0264559372936871e-11 6.1271211738292670e-51 -8.7333641551026164e-01
5.3603713673456461e-03 1.0170144548657749e-08 6.1971864766122085e-59 -6.8766384317864967e-34 1.0263923943480421e-11 6.0935087470611318e-51 -8.6619434687813701e-01
5.9591531848345002e-03 9.6256603564083962e-09 5.8257477819462797e-59 -6.4317533193423933e-34 1.0263293796946539e-11 6.0523097286179643e-51 -8.5889143785918043e-01
6.6248220965906294e-03 9.1145555428258831e-09 5.4434089637075578e-59 -5.9943960839143158e-34 1.0262669273506371e-11 5.9722154724177368e-51 -8.5102477984501845e-01
7.3648497446192600e-03 8.6347594517593746e-09 5.1677633418282077e-59 -5.6330138339133746e-34 1.0262049232600350e-11 5.9848376445220497e-51 -8.4326560673683915e-01
8.1875423928338860e-03 8.1843288754882095e-09 4.7946521209692876e-59 -5.2268302958664444e-34 1.0261437208850061e-11 5.8583326671159432e-51 -8.3438850496030659e-01
9.1021341587353144e-03 7.7614362733391707e-09 4.5420322523403988e-59 -4.9022812815599310e-34 1.0260826142455677e-11 5.8520512085404256e-51 -8.2566157099410586e-01
1.0118890659562176e-02 7.3643713887476776e-09 4.2498292000451189e-59 -4.5662243275678558e-34 1.0260223243279261e-11 5.7707969570065482e-51 -8.1621329469849380e-01
1.1249224236264331e-02 6.9915345724953665e-09 3.9653982109556576e-59 -4.2462974434400892e-34 1.0259623997592961e-11 5.6717136557623537e-51 -8.0645614281862066e-01
1.2505822048603120e-02 6.6414167082047898e-09 3.7274327241212520e-59 -3.9613807388348131e-34 1.0259028167746310e-11 5.6124060390855931e-51 -7.9618009098876097e-01
1.3902788479151530e-02 6.3126074016504013e-09 3.5231467399360774e-59 -3.7055368618098186e-34 1.0258437844815124e-11 5.5811276003240237e-51 -7.8574455791518694e-01
1.5455803444573901e-02 6.0037766273416134e-09 3.3002534900112589e-59 -3.4492684366344013e-34 1.0257853367487401e-11 5.4969624868814681e-51 -7.7489182990555616e-01
1.7182298391112499e-02 5.7136861293269333e-09 3.1213652212838411e-59 -3.2245077462187657e-34 1.0257274764572433e-11 5.4629623515065837e-51 -7.6354201768889618e-01
1.9101651949700135e-02 5.4411676263249198e-09 2.9197735540823957e-59 -2.9940928177569963e-34 1.0256699300256536e-11 5.3660790378084209e-51 -7.5118104648270112e-01
2.1235407446783299e-02 5.1851294275721372e-09 2.7669612767406529e-59 -2.7997409746113532e-34 1.0256132789905124e-11 5.3363398453030380e-51 -7.3915668993345873e-01
2.3607514712253884e-02 4.9446724640642753e-09 2.5960727253322604e-59 -2.6028588440982688e-34 1.0255530908148116e-11 5.2502420417113280e-51 -7.2647960190135885e-01
2.6244598898605323e-02 4.7186015853260876e-09 2.4163374515425779e-59 -2.4060964449806677e-34 1.0254797190341591e-11 5.1208761914905187e-51 -7.1257008216520989e-01
2.9176259328609174e-02 4.5061106969953091e-09 2.2929023791579149e-59 -2.2466228667786965e-34 1.0254067362909169e-11 5.0884288765627318e-51 -6.9893447768979355e-01
3.2435401725857231e-02 4.3063536752230315e-09 2.1529204007781581e-59 -2.0842868683011183e-34 1.0253343182849156e-11 4.9994045151590010e-51 -6.8452396661546144e-01
3.6058607557211214e-02 4.1185360340313284e-09 2.0121925631481012e-59 -1.9274285650287075e-34 1.0252620636039386e-11 4.8856985747397131e-51 -6.6953315234879929e-01
4.0086544632756752e-02 3.9419134966164346e-09 1.8773211616305148e-59 -1.7780833472714686e-34 1.0251901238502680e-11 4.7624615893827318e-51 -6.5362594376307981e-01
4.4564423571942270e-02 3.7757892320862731e-09 1.7980942778975587e-59 -1.6638901600970644e-34 1.0251182389274153e-11 4.7621680326262288e-51 -6.3857888192135281e-01
4.9542505259398940e-02 3.6195051217315614e-09 1.6724462746603203e-59 -1.5289861217645868e-34 1.0250467900032958e-11 4.6206490070118385e-51 -6.2144522868831109e-01
5.5076664986258239e-02 3.4724473819785245e-09 1.5920913407659763e-59 -1.4225982928752175e-34 1.0249751986420545e-11 4.5849257472660035e-51 -6.0503494131565216e-01
6.1229019609036352e-02 3.3340396908436587e-09 1.4851581015228201e-59 -1.3068233347091843e-34 1.0249037175158411e-11 4.4545303572766096e-51 -5.8727992215251501e-01
6.8068624765481728e-02 3.2037422572582003e-09 1.4097572969501887e-59 -1.2117136344028778e-34 1.0248320896487723e-11 4.4003455451396871e-51 -5.7016300443073020e-01
7.5672249973118097e-02 3.0810499156907140e-09 1.3219594991725253e-59 -1.1121809121261956e-34 1.0247606227924239e-11 4.2906137042449264e-51 -5.5108297605361733e-01
8.4125240310392382e-02 2.9654892582186515e-09 1.2466217378333594e-59 -1.0230999549737832e-34 1.0246890109858133e-11 4.2037641322706942e-51 -5.3211137151559973e-01
9.3522474352161197e-02 2.8566148822908270e-09 1.1789671672485182e-59 -9.4202520404359641e-35 1.0246174390924011e-11 4.1271477459469792e-51 -5.1331720396072966e-01
1.0396942911163558e-01 2.7540106934010934e-09 1.1103177666619007e-59 -8.6166480588897455e-35 1.0245458109436070e-11 4.0316392718530175e-51 -4.9275597504169882e-01
1.1558336394197002e-01 2.6572868873522375e-09 1.0463441066943006e-59 -7.8855749055287416e-35 1.0244739744146662e-11 3.9376407254878463e-51 -4.7290823094871665e-01
1.2849463668591790e-01 2.5660772141671863e-09 9.8744296349358113e-60 -7.2036300919777389e-35 1.0244021191144923e-11 3.8480641114069252e-51 -4.5254371086790474e-01
1.4284816684635959e-01 2.4800589774580010e-09 9.3195187787077042e-60 -6.5450061725658545e-35 1.0243293367821986e-11 3.7577811106169661e-51 -4.3050907650895809e-01
1.5880506220071439e-01 2.3988381038593569e-09 8.7972578392024057e-60 -5.9516282996737778e-35 1.0242392369090571e-11 3.6672995251530266e-51 -4.0969594957097283e-01
1.7654442711677987e-01 2.3221662964790421e-09 8.3095551850663863e-60 -5.3738555220551862e-35 1.0241487352228798e-11 3.5783635296342271e-51 -3.8685698176747174e-01
1.9626537286701065e-01 2.2497647244468769e-09 7.8597089253862516e-60 -4.8530070505961734e-35 1.0240578829096556e-11 3.4935692785913982e-51 -3.6495484994143929e-01
2.1818925250552718e-01 2.1813730254324773e-09 7.4300794240016412e-60 -4.3518221150066829e-35 1.0239663920632786e-11 3.4061480257502310e-51 -3.4182941954660823e-01
2.4256214539270171e-01 2.1167478202318748e-09 7.0127264013970003e-60 -3.8805729708616093e-35 1.0238742288119775e-11 3.3129720670404686e-51 -3.1850616728916287e-01
2.6965761925427456e-01 2.0556631725381236e-09 6.6357465791544276e-60 -3.4486236539117849e-35 1.0237811106369497e-11 3.2280320374476931e-51 -2.9527381073589154e-01
2.9977980077707206e-01 1.9979094385308699e-09 6.2742531833937249e-60 -3.0412868947569432e-35 1.0236871400833091e-11 3.1404092009332485e-51 -2.7163671602508854e-01
3.3326678920650027e-01 1.9432896380139615e-09 5.9305397560321578e-60 -2.6416762184849233e-35 1.0235919089272398e-11 3.0518043425030343e-51 -2.4607285508950649e-01
3.7049445126092173e-01 1.8916224949238094e-09 5.6103914403057013e-60 -2.2864405839588279e-35 1.0234957601032934e-11 2.9659149515092206e-51 -2.2194537710866469e-01
4.1188063995803131e-01 1.8427378844485908e-09 5.3458528010397523e-60 -1.9611851503341655e-35 1.0233981163103411e-11 2.9010380945412708e-51 -1.9759607601383661e-01
4.5788988470643521e-01 1.7964805180925542e-09 5.0533370422340598e-60 -1.6534539485761110e-35 1.0232991093033809e-11 2.8129094589901439e-51 -1.7353685200853902e-01
5.0903860530525535e-01 1.7527050751722100e-09 4.8025957695672201e-60 -1.3490168582751655e-35 1.0231984550565824e-11 2.7401049027574401e-51 -1.4703642601527614e-01
5.6590090837505325e-01 1.7112787368407312e-09 4.5753107268306405e-60 -1.0847348045468283e-35 1.0230962812797691e-11 2.6736209761346818e-51 -1.2258939478798932e-01
6.2911503128071999e-01 1.6720767278561474e-09 4.3439779644335538e-60 -8.1206629166561552e-36 1.0229922491626663e-11 2.5979537254867385e-51 -9.5283911185393033e-02
6.9939050587463025e-01 1.6349864890708471e-09 4.1138426080028090e-60 -5.6589744815176232e-36 1.0228865062778535e-11 2.5161324790767420e-51 -6.9001227305993590e-02
7.7751612246776514e-01 1.5999024600743433e-09 3.9157846748201682e-60 -3.4631672120940453e-36 1.0227787860424325e-11 2.4475146282594077e-51 -4.3753954094821530e-02
8.6436878341850576e-01 1.5667077497369826e-09 3.7047029124489032e-60 -1.2812384230625669e-36 1.0226686575799212e-11 2.3646419781039861e-51 -1.6817415918241613e-02
9.6092334571411364e-01 1.5352856195926073e-09 3.5218830583617613e-60 7.2890579282981323e-37 1.0225400178153498e-11 2.2939595169896165e-51 9.9126402483398456e-03
1.0682635630205650e+00 1.5055972238803722e-09 3.4005113612206264e-60 2.5313880963798521e-36 1.0224067824923985e-11 2.2585797232386604e-51 3.5377913505156983e-02
1.1875942500172221e+00 1.4775711610589032e-09 3.2345058280271401e-60 4.2953122365463714e-36 1.0222707588901907e-11 2.1890694088189482e-51 6.2132176488038066e-02
1.3202548055519703e+00 1.4511360967228223e-09 3.0818560334501989e-60 5.9468454736849349e-36 1.0221313358090303e-11 2.1237539610585927e-51 8.8925518784933030e-02
1.4677342464042664e+00 1.4262307614894016e-09 2.9414074522181369e-60 7.5204777421755737e-36 1.0219886146833091e-11 2.0623643323654359e-51 1.1611088530801253e-01
1.6316879203990147e+00 1.4027937377445862e-09 2.8155483513102303e-60 8.9200031882464591e-36 1.0218420887531814e-11 2.0071007415794949e-51 1.4193405332394940e-01
1.8139560864635880e+00 1.3807730447944065e-09 2.7098173026629494e-60 1.0233023847576049e-35 1.0216916282436833e-11 1.9625363580779014e-51 1.6729109751569560e-01
2.0165845701754304e+00 1.3601205767918281e-09 2.5939769769819200e-60 1.1566338874249995e-35 1.0215366673327476e-11 1.9071669242005288e-51 1.9472609209316680e-01
2.2418477266435501e+00 1.3407915559434498e-09 2.4724043052663779e-60 1.2800690264276117e-35 1.0213770064779795e-11 1.8439885710099564e-51 2.2232741091245573e-01
2.4922739684652271e+00 1.3227472711671604e-09 2.3914614303036917e-60 1.3946256402906855e-35 1.0212122376345410e-11 1.8079503790573113e-51 2.4796336303101860e-01
2.7706741452904242e+00 1.3059452996377563e-09 2.2818522770555000e-60 1.4908098590307909e-35 1.0210424290786104e-11 1.7472801331636488e-51 2.7309641562163062e-01
3.0801730935336153e+00 1.2903441733233053e-09 2.1827486287885403e-60 1.5928655307045561e-35 1.0208668762422157e-11 1.6916018794945466e-51 3.0014040882329790e-01
3.4242447103551177e+00 1.2758997723425872e-09 2.1007039201077633e-60 1.6884768012258610e-35 1.0206853853384385e-11 1.6464490124101308e-51 3.2614024651496348e-01
3.8067509455916357e+00 1.2625700459140526e-09 2.0305239177999116e-60 1.7792270411003581e-35 1.0204975218172213e-11 1.6082465478815392e-51 3.5139823429330763e-01
4.2319851492915035e+00 1.2503144479757467e-09 1.9831387866417290e-60 1.8828043401806920e-35 1.0203027543304655e-11 1.5861120295397862e-51 3.7811073842676407e-01
4.7047202613987427e+00 1.2390956613589472e-09 1.8509722971870615e-60 1.9297906621730084e-35 1.0201009615005013e-11 1.4938090374370723e-51 4.0295618207448886e-01
5.2302623844796514e+00 1.2288357227591656e-09 1.8317220577976426e-60 2.0049904535882002e-35 1.0198913698360584e-11 1.4906158926473804e-51 4.2260595018329011e-01
5.8145103408060699e+00 1.2194656689175056e-09 1.7687868376590697e-60 2.0689273480353169e-35 1.0196581898396983e-11 1.4504605441079658e-51 4.4547434945751491e-01
6.4640218822796580e+00 1.2109870694841645e-09 1.7068148982183049e-60 2.1279697050458246e-35 1.0194125889598501e-11 1.4094410594700606e-51 4.6806102069262423e-01
7.1860872963548239e+00 1.2033607957364823e-09 1.6423471391757995e-60 2.1978595883041615e-35 1.0191578745521118e-11 1.3648002702054526e-51 4.9438983795165653e-01
7.9888112341322284e+00 1.1965539784977613e-09 1.5884667317398247e-60 2.2454754902347806e-35 1.0188929112643801e-11 1.3275345369158343e-51 5.1505440957741777e-01
8.8812036790828746e+00 1.1905392291899737e-09 1.5531620620439391e-60 2.3047451058865036e-35 1.0186174577880707e-11 1.3045870509455526e-51 5.3597268776299467e-01
9.8732810774597191e+00 1.1852904069840591e-09 1.5209511042630718e-60 2.3575147483341783e-35 1.0183304880529778e-11 1.2831885715949501e-51 5.5524468152616291e-01
1.0976178765510586e+01 1.1807746834109039e-09 1.4883600522877530e-60 2.4101914048705870e-35 1.0180314790140973e-11 1.2604945492126637e-51 5.7492873376819331e-01
1.2202275955405364e+01 1.1769410299001598e-09 1.4231953819096312e-60 2.4417100191384756e-35 1.0177198512791614e-11 1.2092325322623524e-51 5.9660167824905463e-01
1.3565334682751763e+01 1.1737257092136134e-09 1.3828919455907943e-60 2.4794559883799635e-35 1.0173948038885004e-11 1.1782070842746732e-51 6.1543043748005100e-01
1.5080654275283054e+01 1.1710638504775050e-09 1.3426718987505051e-60 2.5114584094115216e-35 1.0170555493047131e-11 1.1465403002603372e-51 6.3336017693495716e-01
1.6765243076515016e+01 1.1689037059970037e-09 1.3160731330335586e-60 2.5578944202990221e-35 1.0167014476581590e-11 1.1259038073722491e-51 6.5215861418091270e-01
1.8638009351842911e+01 1.1672077599501610e-09 1.2757829954201791e-60 2.5849167986090471e-35 1.0163316314538746e-11 1.0930213447815444e-51 6.6986005560714279e-01
2.0719973519858549e+01 1.1659446801627542e-09 1.2481830194263303e-60 2.6083971037920512e-35 1.0159454742338470e-11 1.0705336545230400e-51 6.8374726426279819e-01
2.3034504091027827e+01 1.1650721915693180e-09 1.2268371904831195e-60 2.6486865325713104e-35 1.0155419698794140e-11 1.0530138813377786e-51 7.0058474865636744e-01
2.5607579961965065e+01 1.1645340786210718e-09 1.1915072083727314e-60 2.6654115929039249e-35 1.0151205997548095e-11 1.0231621643770172e-51 7.1554976626440470e-01
2.8468082009365045e+01 1.1642820982109373e-09 1.1611481333182787e-60 2.6866728115302808e-35 1.0146798852942749e-11 9.9730824265229685e-52 7.3070462510061585e-01
3.1648117256518162e+01 1.1642342200621773e-09 1.1427084223192674e-60 2.7095764573476793e-35 1.0142196348677506e-11 9.8151076701579832e-52 7.4287119003039348e-01
3.5183379250938884e+01 1.1643525148678994e-09 1.1269537917845248e-60 2.7368992838965816e-35 1.0137191956125185e-11 9.6788024021434978e-52 7.5555053704770969e-01
3.9113548698080876e+01 1.1646499429348888e-09 1.0947790520943344e-60 2.7490278819911460e-35 1.0131951923127933e-11 9.4000695980417822e-52 7.6987142498236794e-01
4.3482738847955375e+01 1.1650821225505471e-09 1.0736911297253436e-60 2.7686398326541422e-35 1.0126481316784242e-11 9.2155832532634322e-52 7.8279584367049315e-01
4.8339990633789107e+01 1.1656041413896432e-09 1.0504040524093853e-60 2.7769852196971043e-35 1.0120768557152756e-11 9.0116705587291807e-52 7.9363321046649182e-01
5.3739823120288484e+01 1.1661754083263980e-09 1.0276510448308510e-60 2.7768122458605354e-35 1.0114807832919657e-11 8.8121481339214127e-52 8.0212442753972135e-01
5.9742845439883915e+01 1.1667650464012252e-09 1.0230825279379304e-60 2.8131370574256645e-35 1.0108587574205382e-11 8.7685393995434668e-52 8.1422391229092972e-01
6.6416437085487203e+01 1.1673472510647873e-09 9.9501416358013571e-61 2.8082792830330064e-35 1.0102100724443386e-11 8.5237204496994426e-52 8.2399700332399728e-01
7.3835504195547415e+01 1.1678911097476815e-09 9.8206232335482789e-61 2.8196540144544564e-35 1.0095335885808247e-11 8.4088517770034123e-52 8.3257836320274148e-01
8.2083320320143258e+01 1.1683664673509094e-09 9.6563388602602874e-61 2.8190489978237730e-35 1.0088288602138335e-11 8.2648202683825268e-52 8.3927992183588240e-01
9.1252461105094653e+01 1.1687506493093732e-09 9.5614450256424589e-61 2.8386575316681581e-35 1.0080952334133969e-11 8.1809109849841926e-52 8.4916151205948520e-01
1.0144584338522890e+02 1.1690338282917882e-09 9.4129603462790946e-61 2.8408485776711799e-35 1.0073318506274558e-11 8.0519144258070524e-52 8.5638969318204217e-01
1.1277788034985727e+02 1.1692041922843810e-09 9.2084200770148833e-61 2.8343976270379447e-35 1.0065378742379419e-11 7.8758014534856851e-52 8.6381955688831036e-01
1.2537576574634363e+02 1.1692392902349715e-09 9.1153284380762031e-61 2.8450124239129427e-35 1.0057135250238289e-11 7.7959477706606807e-52 8.7145768917542932e-01
1.3938090153599839e+02 1.1691086672576619e-09 9.0823734531771801e-61 2.8739234767937483e-35 1.0048578161650605e-11 7.7686306735552584e-52 8.8195836216069001e-01
1.5495048502668226e+02 1.1687862712352213e-09 8.8562677394246171e-61 2.8442004487679146e-35 1.0039708274349185e-11 7.5773201289102667e-52 8.8403056541306058e-01
1.7225927329651455e+02 1.1682547969539631e-09 8.7637444533803306e-61 2.8481224113594341e-35 1.0030519717581689e-11 7.5015694146776780e-52 8.9011272985336209e-01
1.9150154471303225e+02 1.1674362577021249e-09 8.6564744465681998e-61 2.8478381530148267e-35 1.0020919998357262e-11 7.4149439761334931e-52 8.9583533731375042e-01
2.1289327956441298e+02 1.1663993214688851e-09 8.5852987699317382e-61 2.8464822560718216e-35 1.0010867011174437e-11 7.3605142011913971e-52 8.9951238039729497e-01
2.3667458427872930e+02 1.1651474860920955e-09 8.5338875463362313e-61 2.8475863550009818e-35 1.0000499372493766e-11 7.3242981238013823e-52 9.0305248932186977e-01
2.6311238644130788e+02 1.1636676431098246e-09 8.3945144576179701e-61 2.8401905341571883e-35 9.9898208335055541e-12 7.2138419481907972e-52 9.0873071142673456e-01
2.9250343085977858e+02 1.1619589946368788e-09 8.1369732139412626e-61 2.8123669110644720e-35 9.9788417004827723e-12 7.0028058231815054e-52 9.1462935377766907e-01
3.2517761030542283e+02 1.1600255471868801e-09 8.1313637566305229e-61 2.8207246233003540e-35 9.9675708281069435e-12 7.0096419655148849e-52 9.1842821662196372e-01
3.6150166831593680e+02 1.1578618005076487e-09 8.0653690837545962e-61 2.8155911718665761e-35 9.9560268925876193e-12 6.9657441675841147e-52 9.2135947985739564e-01
4.0188331562084255e+02 1.1554621163979674e-09 7.9181556045577946e-61 2.7980867256857727e-35 9.9442270281554483e-12 6.8528041656976329e-52 9.2506297634594559e-01
4.4677580639337231e+02 1.1528315807208817e-09 7.8760459316243867e-61 2.7970324670165037e-35 9.9321898956397184e-12 6.8319137533510182e-52 9.2824037550100047e-01
4.9668302569387771e+02 1.1499759214296483e-09 7.9161113383383089e-61 2.8042515235809029e-35 9.9199433522877483e-12 6.8837192073526292e-52 9.2942990926412961e-01
5.5216514520757016e+02 1.1469019132055535e-09 7.7449081720195667e-61 2.7791043798098091e-35 9.9075101448796681e-12 6.7528949798093896e-52 9.3246724163133088e-01
6.1384491075804954e+02 1.1436144341569699e-09 7.6365571378527419e-61 2.7648596480147520e-35 9.8949253349443458e-12 6.6775627429730091e-52 9.3558763482655805e-01
6.8241463216934665e+02 1.1401179127334469e-09 7.5507801401574616e-61 2.7523232408648359e-35 9.8822172802563744e-12 6.6228063394376225e-52 9.3805572949862126e-01
7.5864395393249390e+02 1.1364219536390251e-09 7.5170871414315957e-61 2.7485324915428674e-35 9.8694226244446380e-12 6.6146972234745609e-52 9.4038626091959621e-01
8.4338849389662823e+02 1.1325380529763244e-09 7.4490215700426842e-61 2.7366802526263846e-35 9.8565827518030053e-12 6.5772814877756746e-52 9.4221071960180269e-01
9.3759944694756848e+02 1.1284745519016729e-09 7.4502912051633949e-61 2.7350461440851421e-35 9.8437349015086039e-12 6.6020905767067392e-52 9.4326158738484012e-01
1.0423342614680441e+03 1.1241960626090732e-09 7.4949171273460388e-61 2.7398365104115020e-35 9.8308403493712365e-12 6.6669128069632052e-52 9.4388742707855622e-01
1.1587685084149657e+03 1.1197592150595169e-09 7.1967106226419169e-61 2.6889253495143484e-35 9.8178985934892549e-12 6.4270162065684815e-52 9.4721682305742017e-01
1.2882090762353882e+03 1.1151923400917089e-09 7.1557730453858481e-61 2.6803194303896557e-35 9.8050894905114907e-12 6.4166267899557006e-52 9.4881903074310536e-01
1.4321088397243182e+03 1.1105136654798491e-09 7.1035937636360667e-61 2.6680095044812115e-35 9.7924567075401768e-12 6.3966738856532919e-52 9.4991853140275151e-01
1.5920829674714785e+03 1.1057447567492834e-09 7.0422904123520427e-61 2.6521944864798797e-35 9.7800601962899592e-12 6.3688209863687481e-52 9.5043179887211204e-01
1.7699270509361079e+03 1.1009099456492323e-09 6.9450558350727868e-61 2.6299589054314653e-35 9.7679448250769884e-12 6.3084686104612535e-52 9.5111973722172760e-01
1.9676372586352047e+03 1.0960348005829424e-09 6.8847962681336790e-61 2.6153982952470798e-35 9.7561704555341484e-12 6.2815489658466114e-52 9.5209463459740751e-01
2.1874327416611832e+03 1.0911488226177353e-09 6.8592218948843861e-61 2.6053157384163504e-35 9.7447879388686335e-12 6.2862386438072468e-52 9.5231569641500891e-01
2.4317805420142599e+03 1.0862863359699800e-09 6.7831162702746466e-61 2.5856528475080837e-35 9.7338486391583911e-12 6.2443170328730902e-52 9.5254044851063180e-01
2.7034232833272281e+03 1.0814843360573207e-09 6.7508702609796871e-61 2.5743233494410206e-35 9.7234009194113328e-12 6.2422265731474065e-52 9.5273714600944082e-01
3.0054099547906130e+03 1.0767859889689581e-09 6.6865427590586012e-61 2.5560482182820441e-35 9.7134885754644987e-12 6.2097230346218433e-52 9.5258454521569558e-01
3.3411301338049552e+03 1.0722405760819996e-09 6.6487050026810165e-61 2.5426975659317590e-35 9.7041479880343022e-12 6.2007586272994736e-52 9.5231375295271370e-01
3.7143520314842481e+03 1.0679039220056147e-09 6.5524690983001590e-61 2.5199965036534977e-35 9.6954151069286125e-12 6.1358226740042898e-52 9.5264557985082121e-01
4.1292647880432960e+03 1.0638403905971111e-09 6.4844265675965321e-61 2.4993564809183434e-35 9.6873208717561592e-12 6.0953002207003633e-52 9.5159944001082186e-01
4.5905254928033128e+03 1.0601233926302665e-09 6.4443966016511542e-61 2.4849047907589954e-35 9.6798828115653996e-12 6.0789118006933101e-52 9.5069325904562996e-01
5.1033114565808137e+03 1.0568347735163197e-09 6.3893086330249064e-61 2.4680758250862804e-35 9.6731206292048109e-12 6.0457025006532323e-52 9.4979092843115043e-01
5.6733783231785801e+03 1.0540528385139666e-09 6.3788084671087014e-61 2.4590918063640995e-35 9.6669728925206212e-12 6.0516970630255362e-52 9.4836118504728228e-01
6.3071246722373926e+03 1.0518889026312870e-09 6.5556765015358239e-61 2.4846669795469813e-35 9.6613805325660774e-12 6.2322898218023604e-52 9.4618159163847526e-01
7.0116638385678234e+03 1.0504709832804000e-09 6.2384337207952540e-61 2.4188376169039731e-35 9.6564553767887995e-12 5.9387016110753835e-52 9.4488053198082789e-01
7.7949037540808913e+03 1.0499267576926876e-09 6.2355693343410845e-61 2.4116487613045522e-35 9.6521869657215944e-12 5.9390517373272133e-52 9.4253285535760478e-01
8.6656357084847205e+03 1.0503936667148652e-09 6.3569928098808223e-61 2.4283258016116784e-35 9.6485666597656717e-12 6.0520098429025096e-52 9.3973423128632472e-01
9.6336330250199262e+03 1.0520169885085713e-09 6.2090990501945209e-61 2.3928845736525751e-35 9.6455753495622667e-12 5.9020900974204487e-52 9.3625915935035908e-01
1.0709760758796408e+04 1.0549436756056445e-09 6.1154181148045449e-61 2.3655781585381650e-35 9.6431915861883883e-12 5.7969143341171044e-52 9.3134285592542410e-01
1.1906097649014262e+04 1.0593181280927789e-09 6.2227709626718087e-61 2.3757396746246118e-35 9.6413932447351342e-12 5.8743174478430111e-52 9.2532381551908272e-01
1.3236071693892180e+04 1.0652719563998414e-09 6.2755110211270665e-61 2.3689310996843625e-35 9.6401504416852351e-12 5.8909942981467198e-52 9.1621549869845098e-01
1.4714610870032509e+04 1.0729133248981782e-09 6.3173322462244054e-61 2.3534112629498721e-35 9.6394280918462056e-12 5.8880173259325806e-52 9.0395882495341162e-01
1.6358310687935646e+04 1.0823133283975438e-09 6.5863169162192599e-61 2.3637960504302014e-35 9.6391883195121664e-12 6.0854068257395086e-52 8.8534428319548530e-01
1.8185620464351319e+04 1.0934899482314966e-09 6.9883217309312037e-61 2.3751426636511247e-35 9.6393927562919430e-12 6.3908422224030769e-52 8.5920314430335731e-01
2.0217050402236244e+04 1.1063897793569698e-09 7.6050569053745828e-61 2.3946605659364837e-35 9.6399998286477995e-12 6.8737591825862828e-52 8.2554100721407908e-01
2.2475401802637283e+04 1.1208705863536979e-09 8.7471273139311884e-61 2.4605044916166880e-35 9.6409640517859371e-12 7.8038690821448466e-52 7.8580303525663719e-01
2.4986022992459686e+04 1.1366847067798737e-09 1.0087410186746663e-60 2.4703342123629130e-35 9.6422496632918682e-12 8.8744135700773135e-52 7.2953454942919660e-01
2.7777093840719150e+04 1.1534668002587729e-09 1.2256315907162641e-60 2.5061513944905776e-35 9.6438137978068611e-12 1.0625633875559328e-51 6.6653779454782947e-01
3.0879942056763579e+04 1.1707278768799568e-09 1.5517700669699887e-60 2.5442895016342298e-35 9.6456244902184936e-12 1.3254746022666913e-51 5.9693200001786750e-01
3.4329394820678193e+04 1.1878442585273688e-09 2.0712906170417257e-60 2.6145347411087136e-35 9.6474992171659293e-12 1.7437392167973355e-51 5.2710137198182583e-01
3.8164169692665768e+04 1.2041155863009550e-09 2.7245721797827615e-60 2.6628480278825707e-35 9.6494546555777424e-12 2.2627164790322594e-51 4.6490384014194847e-01
4.2427309189070300e+04 1.2187860912527775e-09 3.7123982586166552e-60 2.7209769300739391e-35 9.6515492995427804e-12 3.0459801644115578e-51 4.0451425880810582e-01
4.7166663902841326e+04 1.2310796382932211e-09 5.1357844533075767e-60 2.7688423773842157e-35 9.6537599478461617e-12 4.1717727217289296e-51 3.4821843952545634e-01
5.2435429591106338e+04 1.2402720192070688e-09 7.1432401952117887e-60 2.8044995450462322e-35 9.6560574655947901e-12 5.7594141322148088e-51 2.9795403693990929e-01
5.8292744258265033e+04 1.2457657912961056e-09 9.9023586311960069e-60 2.7821016928064899e-35 9.6584176747685662e-12 7.9488124496447339e-51 2.5048716329471826e-01
6.4804351936421488e+04 1.2471556427344702e-09 1.3880344127529466e-59 2.7270766115610184e-35 9.6608085032963150e-12 1.1129600550173437e-50 2.0727021312855096e-01
7.2043340613598208e+04 1.2442844856808201e-09 1.9325316807647490e-59 2.5861313002084337e-35 9.6632014296999379e-12 1.5531268797483633e-50 1.6677364332703942e-01
8.0090962592435026e+04 1.2372741757193730e-09 2.6977699892956665e-59 2.3721078434548483e-35 9.6655694078795517e-12 2.1804140442251899e-50 1.2983715652051603e-01
8.9037546487288753e+04 1.2265180681060014e-09 3.7364167920853919e-59 2.0312294784341498e-35 9.6678854445760682e-12 3.0463609866385379e-50 9.4884299986885634e-02
9.8983511096230883e+04 1.2126425222756100e-09 5.2048443189779355e-59 1.5863842339749459e-35 9.6701264249208896e-12 4.2921505912646661e-50 6.3144876263042715e-02
1.1004049252790690e+05 1.1964312374186025e-09 7.1793866436397718e-59 9.8763437522925308e-36 9.6722695973533101e-12 6.0006680025589110e-50 3.3698351369198395e-02
1.2233259723442435e+05 1.1787341201728595e-09 9.9497659129950250e-59 2.5783230999865984e-36 9.6743006749563057e-12 8.4410604076989874e-50 7.5287518080105467e-03
1.3599779501463560e+05 1.1603721403480123e-09 1.3924343176980401e-58 -6.3173824144780448e-36 9.6762023510590215e-12 1.1999894424218329e-49 -1.5716330802335903e-02
1.5118946762325626e+05 1.1420579278323049e-09 1.9308667018034858e-58 -1.5711481255511399e-35 9.6779646825208986e-12 1.6906906863020404e-49 -3.3457764396745783e-02
1.6807813036780286e+05 1.1243429865960061e-09 2.6699369568886809e-58 -2.8045407864612531e-35 9.6795814544853383e-12 2.3746641271557383e-49 -5.1187256048520625e-02
1.8685334601701197e+05 1.1076183847803063e-09 3.7176566680267215e-58 -4.0349427568184490e-35 9.6810408651761104e-12 3.3564418206764513e-49 -6.2879294486587592e-02
2.0772585250294721e+05 1.0921401020709787e-09 5.1324164496317931e-58 -5.3744313534007185e-35 9.6822370445568944e-12 4.6994121357684884e-49 -7.1784784158682155e-02
2.3092992829867455e+05 1.0779077845901432e-09 7.0820512370892078e-58 -6.9903934004347605e-35 9.6831885566039431e-12 6.5701828471180786e-49 -8.0007606986088872e-02
2.5672602202113648e+05 1.0648987866471360e-09 9.8387582548062956e-58 -8.6606663429061970e-35 9.6839845531271566e-12 9.2391487136386974e-49 -8.4611032842161704e-02
2.8540367577455891e+05 1.0530143139198197e-09 1.3576715263334002e-57 -1.0529266072372973e-34 9.6846192723572153e-12 1.2893191558617105e-48 -8.8060999018347116e-02
3.1728477504677442e+05 1.0421256670106579e-09 1.8842938207988106e-57 -1.2412719900988452e-34 9.6850879083367340e-12 1.8081253350221340e-48 -8.8579372057754027e-02
3.5272716163614322e+05 1.0320950227447498e-09 2.5907820586405513e-57 -1.4609060507314886e-34 9.6853873280434914e-12 2.5102165997764768e-48 -8.9340217524904092e-02
3.9212865016151126e+05 1.0227897127734426e-09 3.5792102595129274e-57 -1.6794596850259650e-34 9.6855166165958759e-12 3.4994586030860441e-48 -8.7777417991970280e-02
4.3593149323755479e+05 1.0140887205011530e-09 4.9324672385951950e-57 -1.9256626690305803e-34 9.6854797672556184e-12 4.8639405397957849e-48 -8.6101383619443472e-02
4.8462734543383023e+05 1.0058887936966237e-09 6.7356031584875747e-57 -2.1785797628062846e-34 9.6852867748909075e-12 6.6961707901470403e-48 -8.3697066026069883e-02
5.3876278173427423e+05 9.9810003246878715e-10 9.3380323736480103e-57 -2.4228854609433501e-34 9.6849463939131266e-12 9.3558081052762930e-48 -7.9363015563751430e-02
5.9894543243780977e+05 9.9065311446135881e-10 1.2893845851182124e-56 -2.7132463879590510e-34 9.6844699545814055e-12 1.3015500242173880e-47 -7.5916677342575734e-02
6.6585080335978023e+05 9.8348749692683864e-10 1.7610962013264142e-56 -2.9499443139205520e-34 9.6838704626643233e-12 1.7906645552987865e-47 -7.0882308978513109e-02
7.4022985788592335e+05 9.7655769284809083e-10 2.4228910176926369e-56 -3.2934624376063536e-34 9.6831592590496246e-12 2.4810526151571994e-47 -6.7707506781617702e-02
8.2291744598188146e+05 9.6982524959076489e-10 3.3101302709118919e-56 -3.5367218060110050e-34 9.6823473234552332e-12 3.4131203248303349e-47 -6.2421128185924005e-02
9.1484167476760293e+05 9.6326165154303238e-10 4.5500727017038891e-56 -3.9691223618755940e-34 9.6814465576328468e-12 4.7236103445156414e-47 -5.9953312620482695e-02
1.0170343258344529e+06 9.5684190863863153e-10 6.2201187009806564e-56 -4.2779498978443969e-34 9.6804688595724830e-12 6.5006754457802451e-47 -5.5451878538844625e-02
1.1306424362317096e+06 9.5055499319709059e-10 8.4963652639689616e-56 -4.6453294339099127e-34 9.6794246327191564e-12 8.9383205861581350e-47 -5.1690568338734602e-02
1.2569411731104776e+06 9.4442681859097901e-10 1.1553540039893863e-55 -4.9901230809917491e-34 9.6782428406511023e-12 1.2233388349910441e-46 -4.7771575573028302e-02
1.3973481465333556e+06 9.3836327356119839e-10 1.5737712253133855e-55 -5.3638437272086860e-34 9.6769152183906585e-12 1.6771449497812714e-46 -4.4138728198974339e-02
1.5534393211006573e+06 9.3236313888058620e-10 2.1454887323254040e-55 -5.7344579102698440e-34 9.6755479195395323e-12 2.3011299383857245e-46 -4.0544943801355919e-02
1.7269667049893404e+06 9.2641776501388822e-10 2.9139695442453249e-55 -6.1424055536037308e-34 9.6741468502528912e-12 3.1454163060027683e-46 -3.7384583452254740e-02
1.9198780149511162e+06 9.2052200074055966e-10 3.9709873693584452e-55 -6.5621469731981261e-34 9.6727190774053692e-12 4.3138429784011537e-46 -3.4322555337218501e-02
2.1343385379948043e+06 9.1467154552405569e-10 5.3472494319520502e-55 -6.8994962679460723e-34 9.6712654760516891e-12 5.8460870004307119e-46 -3.1197484537480037e-02
2.3727554351341273e+06 9.0886299931766929e-10 7.2215346050685063e-55 -7.2641875091210044e-34 9.6697944503043894e-12 7.9456800535285159e-46 -2.8354571338533745e-02
2.6378047599926936e+06 9.0309376415296132e-10 9.8309146609946341e-55 -7.7169256020623700e-34 9.6683071675799460e-12 1.0885818340485767e-45 -2.5898876725886710e-02
2.9324614955298961e+06 8.9736034233873837e-10 1.3257190640247196e-54 -8.1115820851348412e-34 9.6668088385198820e-12 1.4773541925973402e-45 -2.3517783084023299e-02
3.2600329460279141e+06 8.9166102036364307e-10 1.7860070792477008e-54 -8.4400832171265518e-34 9.6653043861034200e-12 2.0030112772220542e-45 -2.1149750571884621e-02
3.6241958591401847e+06 8.8599245429295076e-10 2.4071123986216303e-54 -8.8457764290553694e-34 9.6637949365689395e-12 2.7168542880453536e-45 -1.9154585665837793e-02
4.0290376946688504e+06 8.8035275599520936e-10 3.2344716067563524e-54 -9.2311905485888687e-34 9.6622824504887810e-12 3.6740631351802723e-45 -1.7299266137487800e-02
4.4791025032829447e+06 8.7473887067887814e-10 4.3451073556386112e-54 -9.5936593069466060e-34 9.6607694859195268e-12 4.9673193924335459e-45 -1.5561262299322301e-02
4.9794419301317763e+06 8.6914973843048199e-10 5.8265908548106941e-54 -9.9444477962088647e-34 9.6592577445710910e-12 6.7037825557336083e-45 -1.3974172788161368e-02
5.5356719158316134e+06 8.6358375736433738e-10 7.8115274393673837e-54 -1.0345142598965265e-33 9.6577481280513467e-12 9.0454774916195856e-45 -1.2595524802289502e-02
6.1540357312522940e+06 8.5803989493923781e-10 1.0452142075472262e-53 -1.0720040770116831e-33 9.6562423394420389e-12 1.2181417364296832e-44 -1.1319833638843150e-02
6.8414740536227478e+06 8.5251701749260187e-10 1.3960867776191380e-53 -1.1056029907907375e-33 9.6547414537335061e-12 1.6376057591498496e-44 -1.0134246635796380e-02
7.6057028705077907e+06 8.4700657184505042e-10 1.8605169976852205e-53 -1.1388813676151172e-33 9.6531697072074553e-12 2.1965791760415994e-44 -9.0723182555399757e-03
8.4553000860712212e+06 8.4150509098589917e-10 2.4730684354333392e-53 -1.1835428959509658e-33 9.6514926825950787e-12 2.9388633080471519e-44 -8.2042249914835927e-03
9.3998018017160427e+06 8.3602305686057739e-10 3.2874281957085402e-53 -1.2256635695732162e-33 9.6498198071062824e-12 3.9322219270524030e-44 -7.3932265140863093e-03
1.0449809351781284e+07 8.3056020248997116e-10 4.3635693284539797e-53 -1.2731958902532991e-33 9.6481502241201605e-12 5.2537664522959955e-44 -6.6878839602963393e-03
1.1617108295692001e+07 8.2511627200072943e-10 5.7881811454730842e-53 -1.2774490765282934e-33 9.6464836571984678e-12 7.0149884833054986e-44 -5.8454098041524696e-03
1.2914800702161172e+07 8.1969101602914189e-10 7.6506809171051856e-53 -1.3368322690417403e-33 9.6448183059095297e-12 9.3336156765114359e-44 -5.3382853901448087e-03
1.4357452210236745e+07 8.1428438573494191e-10 1.0092860801597505e-52 -1.3784519816892270e-33 9.6431551941582008e-12 1.2394761558012778e-43 -4.8083541438267638e-03
1.5961255517844496e+07 8.0889610945498363e-10 1.3311830860803168e-52 -1.4023035576161001e-33 9.6414919361823633e-12 1.6456786854584312e-43 -4.2734316985242283e-03
1.7744212132865634e+07 8.0352654930479973e-10 1.7519121721876188e-52 -1.4760426579538901e-33 9.6398327570100977e-12 2.1802791378870424e-43 -3.9340749389642424e-03
1.9726334426770471e+07 7.9817544073294435e-10 2.3032420339578052e-52 -1.4901244794845960e-33 9.6381749066182478e-12 2.8856338048221531e-43 -3.4753902630481207e-03
2.1929870258711137e+07 7.9284270369654200e-10 3.0210238895541052e-52 -1.5047855484766430e-33 9.6365172880995232e-12 3.8103697939943359e-43 -3.0747089711315330e-03
2.4379552691312447e+07 7.8752845827931495e-10 3.9538543367502060e-52 -1.5718067424143902e-33 9.6348610055381808e-12 5.0205859803327659e-43 -2.8167978877095064e-03
2.7102877601037472e+07 7.8223263959933808e-10 5.1698816308216961e-52 -1.5918541881478747e-33 9.6332052374315968e-12 6.6091356574812897e-43 -2.5031969319607174e-03
3.0130412299097609e+07 7.7695534607983519e-10 6.7495704753332228e-52 -1.6423572030257057e-33 9.6315509513692443e-12 8.6872051391222138e-43 -2.2679397958387877e-03
3.3496138626950115e+07 7.7169657071687283e-10 8.7959377489247754e-52 -1.6755655577665877e-33 9.6298977756423735e-12 1.1398181724137674e-42 -2.0337476583306428e-03
3.7237834377376489e+07 7.6645631274078682e-10 1.1444487993199648e-51 -1.6582621331177693e-33 9.6282454538211900e-12 1.4931689912338342e-42 -1.7705626433798026e-03
4.1397497322310731e+07 7.6123476655822050e-10 1.4872111355317217e-51 -1.7241143750139984e-33 9.6265966251218644e-12 1.9536826231096442e-42 -1.6203933460750706e-03
4.6021816606819093e+07 7.5602491343638754e-10 1.9310507986753502e-51 -1.7201474299715856e-33 9.6248773688181499e-12 2.5542158259019200e-42 -1.4236419215325866e-03
5.1162696800277643e+07 7.5082403799825198e-10 2.5043301759498548e-51 -1.7362016815814937e-33 9.6230454391352105e-12 3.3354421931223322e-42 -1.2661503957481308e-03
5.6877840486837387e+07 7.4564154118357950e-10 3.2447736748743357e-51 -1.7171780082627364e-33 9.6212095179372969e-12 4.3516535703252366e-42 -1.1039720169976131e-03
6.3231395934323825e+07 7.4047797289956383e-10 4.2033477852194361e-51 -1.6862107352933303e-33 9.6193765617399064e-12 5.6765331840459288e-42 -9.5578038921092059e-04
7.0294677111176565e+07 7.3533279732174928e-10 5.4411473627938756e-51 -1.6006261905541322e-33 9.6175394206173745e-12 7.3995711637122441e-42 -8.0020766376775131e-04
7.8146964133085787e+07 7.3020638978946966e-10 7.0526964867278996e-51 -1.4938725913396659e-33 9.6157029889437044e-12 9.6584973582075966e-42 -6.5828376970992705e-04
8.6876393123752132e+07 7.2509845635305702e-10 9.1394412551482475e-51 -1.3761306879000405e-33 9.6138631153740808e-12 1.2604414166202791e-41 -5.3456604157743246e-04
9.6580945477794588e+07 7.2000902865110737e-10 1.1864263413473570e-50 -1.1930361451945826e-33 9.6120202812671228e-12 1.6477936999901983e-41 -4.0819176626149606e-04
1.0736954762955593e+08 7.1493833684402696e-10 1.5438976922043751e-50 -9.4613243940533866e-34 9.6101773551111024e-12 2.1594837101891157e-41 -2.8477927578411693e-04
1.1936329367189762e+08 7.0988643296319436e-10 2.0143887569616131e-50 -6.0995373772472460e-34 9.6083350469881851e-12 2.8376211509680358e-41 -1.6129868041737315e-04
1.3269680454797442e+08 7.0485272136029440e-10 2.6365664986802615e-50 -1.9645418474113300e-34 9.6064852840986627e-12 3.7405920680733915e-41 -4.5571437608024322e-05
1.4751973907192028e+08 6.9983783970595914e-10 3.4693089920254108e-50 3.3406623355993195e-34 9.6046367573675983e-12 4.9573040998798533e-41 6.7797296998250769e-05
1.6399847373852703e+08 6.9484137989465751e-10 4.5813204768399946e-50 1.0032534080913195e-33 9.6027837887270669e-12 6.5933328230027877e-41 1.7781666888871787e-04
1.8231797017654690e+08 6.8986349876362587e-10 6.0978894584922464e-50 1.7878771777513375e-33 9.6009285688152691e-12 8.8392696082933665e-41 2.7565528516495071e-04
2.0268385120639959e+08 6.8490433297480550e-10 8.1827661617497988e-50 2.8382152634182419e-33 9.5990731136975479e-12 1.1947312592123440e-40 3.7912315002493820e-04
2.2532470880450085e+08 6.7996393452891935e-10 1.1062431754274693e-49 3.9490509451146003e-33 9.5972183135081595e-12 1.6269144865659342e-40 4.5532814403828083e-04
2.5049466987940195e+08 6.7504189658230681e-10 1.5020130239607086e-49 5.4399810026483620e-33 9.5953588511241826e-12 2.2250663722730437e-40 5.4025049034377647e-04
2.7847624865869653e+08 6.7013225564872783e-10 2.0674109441296393e-49 7.4095471103389310e-33 9.5934258939449227e-12 3.0850789925464229e-40 6.2950327946512065e-04
3.0958351770261359e+08 6.6523255039260512e-10 2.8532649388674629e-49 9.6154281081322831e-33 9.5913761397566869e-12 4.2891240622298632e-40 6.9792833340493864e-04
3.4416563313659608e+08 6.6035129050236132e-10 3.9969700944926973e-49 1.2290711977596575e-32 9.5893200272848766e-12 6.0527936448068543e-40 7.5652638027416523e-04
3.8261075367099416e+08 6.5548889151270334e-10 5.6109024935683248e-49 1.5243898683981881e-32 9.5872638143502070e-12 8.5598742651759889e-40 7.9487168133304581e-04
4.2535039739596647e+08 6.5064499516976327e-10 7.9432208665617825e-49 1.9164507754388611e-32 9.5852022097915829e-12 1.2208225569289555e-39 8.4299947223229091e-04
4.7286428525341898e+08 6.4581951442570562e-10 1.1366623986484473e-48 2.3213424300627984e-32 9.5831340994751124e-12 1.7600310508721981e-39 8.5677716083172855e-04
5.2568572555034637e+08 6.4101289312879246e-10 1.6274653537609813e-48 2.8887323398415924e-32 9.5810657793330658e-12 2.5388964421874594e-39 8.9437169260242510e-04
5.8440759995078528e+08 6.3622484820913670e-10 2.3447215655129175e-48 3.4830623892882756e-32 9.5789933202425180e-12 3.6853662225122211e-39 9.0180014618780396e-04
6.4968901813471246e+08 6.3145492060459326e-10 3.3485772057305678e-48 4.2909388592554855e-32 9.5769096819929021e-12 5.3029552806785272e-39 9.3314899396501063e-04
7.2226271581750643e+08 6.2670403130352258e-10 4.9096426274946379e-48 5.0346880678799852e-32 9.5748288453477275e-12 7.8340690058794618e-39 9.0764576089441345e-04
8.0294327916731644e+08 6.2197140390287481e-10 7.1210423277002242e-48 6.0831458144683472e-32 9.5727391220159647e-12 1.1449147473687110e-38 9.1405269657949498e-04
8.9263628793330002e+08 6.1725739306246236e-10 1.0377685828456153e-47 7.1666611246094163e-32 9.5706457840343723e-12 1.6812574373501268e-38 8.9543375069245585e-04
9.9234847990963161e+08 6.1256191430294581e-10 1.5010153702419470e-47 8.5444271704402220e-32 9.5685477591842647e-12 2.4503896425718880e-38 8.9107731388573489e-04
1.1031990508238668e+09 6.0788500249886974e-10 2.1980160647945271e-47 1.0040389907016487e-31 9.5664455423011220e-12 3.6158419039111166e-38 8.6860921601124600e-04
1.2264322164825771e+09 6.0322668249378731e-10 3.1996747907290952e-47 1.1722344967542502e-31 9.5643398251665581e-12 5.3042660140652003e-38 8.4376461075528575e-04
1.3634311781750312e+09 5.9858661373864833e-10 4.6248797656862447e-47 1.3903552756421739e-31 9.5622250982793986e-12 7.7263334320161310e-38 8.3562623321827760e-04
1.5157336480863407e+09 5.9396532016594236e-10 6.7378366718067592e-47 1.6059472021175852e-31 9.5601105540467579e-12 1.1343821672828203e-37 8.0276878908959654e-04
1.6850491089812756e+09 5.8935627637003420e-10 9.7976827933547254e-47 1.8711462142409443e-31 9.5579087480913891e-12 1.6624380168988200e-37 7.7867652380282247e-04
1.8732780018860219e+09 5.8475853148586073e-10 1.4162409715851303e-46 2.1770262495834346e-31 9.5555932500142506e-12 2.4219244274837479e-37 7.5649629445739700e-04
2.0825330571354256e+09 5.8017926356159277e-10 2.0519019282925944e-46 2.5112074332364222e-31 9.5532698557074469e-12 3.5366688490319702e-37 7.2781866209256987e-04
2.3151630082109308e+09 5.7561860884912059e-10 2.9665712886405944e-46 2.8847721050369167e-31 9.5509409292667654e-12 5.1537098402219710e-37 6.9809849627392015e-04
2.5737789545396543e+09 5.7107636873172048e-10 4.2720117659187343e-46 3.3224860215282012e-31 9.5486032745461761e-12 7.4806313127721706e-37 6.7266657453595770e-04
2.8612836691573915e+09 5.6655289805048560e-10 6.1322499846841182e-46 3.8132260904541835e-31 9.5462626895859573e-12 1.0823790692422992e-36 6.4693760696739322e-04
3.1809041801925454e+09 5.6204769644158236e-10 8.8026190044387018e-46 4.3598304082027574e-31 9.5439106957035696e-12 1.5661693945495283e-36 6.1983637257344748e-04
3.5362279918740335e+09 5.5756103793906634e-10 1.2636127905359894e-45 4.9582692210840686e-31 9.5415520539455152e-12 2.2663218994044642e-36 5.9071348957486175e-04
3.9312433516172652e+09 5.5309284236347291e-10 1.8121668919295416e-45 5.6163908337492329e-31 9.5391853807869742e-12 3.2764244140021798e-36 5.6099527955817251e-04
4.3703840151563978e+09 5.4864305009995239e-10 2.5752490182416243e-45 6.3748600927102459e-31 9.5368093332852923e-12 4.6938515265480217e-36 5.3631025535250761e-04
4.8585790121786652e+09 5.4421198647279909e-10 3.6753154680008927e-45 7.1839325650439600e-31 9.5344302259979861e-12 6.7534629140047298e-36 5.0796160210764957e-04
5.4013079710429659e+09 5.3979931185455896e-10 5.2288769062731573e-45 8.0763887079036181e-31 9.5320414369066137e-12 9.6867053948412626e-36 4.8072514658318178e-04
6.0046626235620556e+09 5.3540503265700153e-10 7.4164452623149364e-45 9.0147083828894379e-31 9.5296433492024825e-12 1.3852027549143642e-35 4.5238954531213603e-04
6.6754151801940413e+09 5.3102919979899566e-10 1.0492329098911102e-44 1.0176479711062627e-30 9.5272371461080761e-12 1.9758478635228802e-35 4.3112421624831267e-04
7.4210943431040783e+09 5.2667188822098808e-10 1.4820539276063921e-44 1.1300853040387082e-30 9.5248236214226263e-12 2.8139985458736538e-35 4.0449127200494508e-04
8.2500698102871399e+09 5.2233303815268152e-10 2.0925997290146125e-44 1.2515461452200846e-30 9.5224025471952686e-12 4.0062557337277434e-35 3.7855591490829239e-04
9.1716462192477379e+09 5.1801256086437901e-10 2.9355719537091665e-44 1.3973076301807963e-30 9.5199738991363630e-12 5.6669899062114234e-35 3.5832368876666747e-04
1.0196167584685394e+10 5.1370422946078435e-10 4.1306961956939827e-44 1.5298322804526492e-30 9.5174408688370391e-12 8.0410009472373167e-35 3.3210515934965816e-04
1.1335133402421640e+10 5.0940861288542695e-10 5.7883943619139465e-44 1.6883936887504491e-30 9.5147999419960596e-12 1.1362969167574394e-34 3.1092920926038549e-04
1.2601327722749445e+10 5.0513142767570556e-10 8.0861348279876429e-44 1.8629923451357458e-30 9.5121476919012316e-12 1.6007982051710595e-34 2.9149988401836277e-04
1.4008962641957829e+10 5.0087299676258938e-10 1.1293506645844219e-43 2.0298666273652542e-30 9.5094902068725698e-12 2.2547645249075527e-34 2.6989155053080142e-04
1.5573837822618792e+10 4.9663288969452574e-10 1.5718010292279765e-43 2.2182586074400784e-30 9.5068190742405201e-12 3.1649152962760415e-34 2.5107047962721749e-04
1.7313517833133057e+10 4.9241101395663442e-10 2.1853544796510695e-43 2.4202085957866925e-30 9.5041328098339567e-12 4.4380698597524243e-34 2.3330710974138477e-04
1.9247529297040741e+10 4.8820792883455483e-10 3.0290888975439645e-43 2.6418002236484818e-30 9.5014421635931446e-12 6.2045057415904239e-34 2.1724087773272225e-04
2.1397580064952248e+10 4.8402303256826035e-10 4.1968976997434422e-43 2.8595068860574212e-30 9.4987352300937157e-12 8.6708636105071420e-34 2.0062910735961422e-04
2.3787802869141979e+10 4.7985657828851068e-10 5.7963432072983569e-43 3.1063176787514331e-30 9.4960165076228043e-12 1.2079324259702746e-33 1.8625721102340399e-04
2.6445026195649014e+10 4.7570868719814080e-10 7.9846210838135764e-43 3.3791057147340428e-30 9.4932888914421376e-12 1.6784686297914601e-33 1.7338202941892162e-04
2.9399075414222462e+10 4.7157927958962498e-10 1.0984498176941076e-42 3.6875149987797558e-30 9.4905506783823332e-12 2.3293004278092845e-33 1.6201914185447582e-04
3.2683107546073956e+10 4.6746804764763083e-10 1.5072105737995860e-42 4.0291127441985830e-30 9.4877953468871252e-12 3.2242002023113558e-33 1.5179116295945501e-04
3.6333983426957626e+10 4.6337537660255695e-10 2.0643633437765868e-42 4.4449737265041910e-30 9.4850309276609392e-12 4.4550561985239411e-33 1.4371749963785121e-04
4.0392681442833611e+10 4.5930099004263374e-10 2.8217785609753175e-42 4.9385024977526903e-30 9.4822517220817756e-12 6.1436370096075586e-33 1.3717820704812990e-04
4.4904757481991440e+10 4.5524513792202585e-10 3.8504462649066940e-42 5.5000694546760491e-30 9.4794628336410196e-12 8.4579624122557815e-33 1.3136811922112303e-04
4.9920856266258560e+10 4.5120768224637438e-10 5.2410022729435627e-42 6.2901065645729768e-30 9.4766613330082393e-12 1.1615498758467063e-32 1.2934885434214206e-04
5.5497279800606255e+10 4.4718823335964892e-10 7.1203615927086536e-42 7.2629676173188096e-30 9.4738437168195477e-12 1.5922515534933894e-32 1.2871166238994007e-04
6.1696619321582275e+10 4.4318059898246646e-10 9.6466427534163910e-42 8.5355067487494222e-30 9.4708948024132205e-12 2.1766843529624004e-32 1.3054217437907657e-04
6.8588457837724022e+10 4.3918746888551052e-10 1.3037600039751447e-41 1.0184442432888919e-29 9.4678536095845296e-12 2.9685728677177150e-32 1.3459020688530858e-04
7.6250151147448273e+10 4.3521296619011832e-10 1.7604100428990233e-41 1.2345192548571579e-29 9.4648018118693762e-12 4.0449393277727074e-32 1.4103926512416698e-04
8.4767696100770599e+10 4.3125669892950778e-10 2.3690199145767639e-41 1.5223841244666120e-29 9.4617304431930978e-12 5.4932941806058724e-32 1.5061629615933765e-04
9.4236695850445740e+10 4.2731876548201438e-10 3.1851783724448543e-41 1.8996291201953204e-29 9.4586416806602232e-12 7.4538696395698469e-32 1.6282682585462622e-04
1.0476343292676427e+11 4.2339918772643537e-10 4.2707305469875045e-41 2.4020090134979937e-29 9.4555353692031902e-12 1.0086770760993732e-31 1.7862758915377760e-04
1.1646606218047665e+11 4.1949842742537303e-10 5.7097315702433081e-41 3.0575681023525464e-29 9.4524228340149575e-12 1.3610853335699440e-31 1.9756186840316255e-04
1.2947593698374571e+11 4.1561525324298526e-10 7.6208265423719512e-41 3.9247370732076727e-29 9.4492746836073014e-12 1.8336253260456039e-31 2.2052802617280654e-04
1.4393908357476056e+11 4.1175140259742744e-10 1.0151112659844408e-40 5.0588600163665067e-29 9.4461315187172699e-12 2.4653498678592797e-31 2.4744477897876391e-04
1.6001784009443298e+11 4.0790546597388590e-10 1.3483737212581693e-40 6.5366362541349742e-29 9.4429602263881501e-12 3.3056034638783000e-31 2.7872082314712272e-04
1.7789267871215930e+11 4.0407778411152946e-10 1.7875236793380132e-40 8.4400231308771365e-29 9.4397692818044138e-12 4.4237118436697799e-31 3.1404020204151397e-04
1.9776423129266129e+11 4.0026863879225840e-10 2.3644789294235007e-40 1.0927582874070244e-28 9.4365640021498026e-12 5.9072300456960811e-31 3.5520625311185423e-04
2.1985554134052231e+11 3.9647786321770052e-10 3.1204769525531193e-40 1.4135498715105143e-28 9.4333411918997738e-12 7.8704947792752519e-31 4.0187516979377067e-04
2.4441456749882761e+11 3.9270519922251909e-10 4.1109102230230527e-40 1.8214089789828241e-28 9.4300943289523889e-12 1.0468183846717247e-30 4.5332028316888336e-04
2.7171696670184567e+11 3.8895136759965477e-10 5.4036140374894522e-40 2.3493447227438096e-28 9.4268404796756361e-12 1.3892775518021469e-30 5.1245641501199244e-04
3.0206918822056732e+11 3.8521559725570639e-10 7.0937091308006482e-40 3.0133164636101065e-28 9.4235622516459000e-12 1.8414906305291265e-30 5.7644267438321001e-04
3.3581191332949152e+11 3.8149768449269018e-10 9.2900908199596792e-40 3.8603624405561204e-28 9.4202609258052145e-12 2.4351630947153716e-30 6.4844351081802943e-04
3.7332387920237439e+11 3.7779060333259983e-10 1.2150726363482232e-39 4.9357747873973078e-28 9.4167770184362569e-12 3.2162595512691877e-30 7.2849846178610789e-04
4.1502612995733978e+11 3.7410049347045807e-10 1.5869301420921965e-39 6.2927755778433556e-28 9.4132391772059464e-12 4.2419889034910165e-30 8.1671249213417514e-04
4.6138674256621503e+11 3.7042878734572291e-10 2.0703847417674589e-39 7.9985780821728049e-28 9.4096800900630995e-12 5.5891572482868595e-30 9.1334508201541115e-04
5.1292608067290900e+11 3.6677438157313228e-10 2.6989570257981049e-39 1.0130452468644166e-27 9.4060706302506054e-12 7.3586301590149402e-30 1.0181959416720929e-03
5.7022263529106946e+11 3.6313993530845226e-10 3.5165484784041674e-39 1.2805925216520467e-27 9.4024814336254434e-12 9.6837283275308168e-30 1.1332237058914690e-03
6.3391951793857800e+11 3.5952300768746764e-10 4.5839301228990865e-39 1.6136736353932181e-27 9.3988459622579044e-12 1.2750032751405676e-29 1.2569944639418168e-03
7.0473167908943140e+11 3.5592450826633860e-10 5.9780877247811569e-39 2.0278932976010662e-27 9.3951899156340545e-12 1.6795942920310924e-29 1.3902247345344103e-03
7.8345393296493311e+11 3.5234418716167846e-10 7.8072930122693864e-39 2.5411376205002287e-27 9.3915050710998562e-12 2.2158143363060199e-29 1.5321256761249118e-03
8.7096987873639331e+11 3.4878247409726680e-10 1.0214224309577673e-38 3.1737962223273564e-27 9.3878026694390295e-12 2.9285371451115914e-29 1.6815083040014858e-03
9.6826181827342725e+11 3.4523889620557788e-10 1.3399244906441432e-38 3.9586545251304210e-27 9.3840705201632657e-12 3.8811515891484727e-29 1.8405498306856968e-03
1.0764217817570649e+12 3.4171372742223371e-10 1.7651062946575062e-38 4.9219097485466118e-27 9.3803160683763156e-12 5.1654532815314081e-29 2.0040889856670903e-03
1.1966637849121968e+12 3.3820784211978717e-10 2.3355680709956502e-38 6.1066431875737770e-27 9.3765622835917452e-12 6.9057182599817831e-29 2.1727734376146496e-03
1.3303374554376877e+12 3.3471836115634477e-10 3.1070009045028587e-38 7.5545727171552435e-27 9.3727289326801846e-12 9.2824334278202290e-29 2.3426070600702769e-03
1.4789431815806670e+12 3.3124828683358576e-10 4.1585627252301216e-38 9.3278889795258182e-27 9.3688995855846721e-12 1.2554216551523849e-28 2.5132455357887449e-03
1.6441489528867998e+12 3.2779622337471948e-10 5.6072690298392022e-38 1.1488820190545957e-26 9.3650364985663214e-12 1.7105959831115155e-28 2.6797714929987044e-03
1.8278090821512173e+12 3.2436364335385853e-10 7.6132912836001336e-38 1.4119942907541887e-26 9.3611805012758714e-12 2.3471469258638686e-28 2.8413885932980706e-03
2.0319850187104485e+12 3.2094609841971364e-10 1.0419839005663558e-37 1.7316760232696608e-26 9.3572179677993989e-12 3.2466009267503639e-28 2.9944708452575436e-03
2.2589684866891040e+12 3.1754064528912041e-10 1.4371032721514687e-37 2.1183211639590383e-26 9.3530640914077358e-12 4.5257301497355964e-28 3.1357985475394218e-03
2.5113072079108530e+12 3.1415424615694514e-10 1.9985707858132483e-37 2.5862191388922420e-26 9.3489006271422183e-12 6.3617500328638008e-28 3.2638792769239026e-03
2.7918334981948003e+12 3.1078497890110115e-10 2.7980964911442911e-37 3.1523962229344692e-26 9.3446698118209113e-12 9.0033195974851437e-28 3.3804883614171441e-03
3.1036960580090454e+12 3.0743473085391041e-10 3.9448238618914733e-37 3.8352129743909526e-26 9.3404277201983401e-12 1.2831419049287603e-27 3.4825648600539530e-03
3.4503953143084863e+12 3.0410312455292390e-10 5.5985222244413112e-37 4.6532169651422571e-26 9.3361631309020559e-12 1.8409946404437503e-27 3.5662037991862293e-03
3.8358227102427690e+12 3.0078872413903026e-10 7.9839190093983559e-37 5.6363903624491348e-26 9.3318318031886997e-12 2.6543278948542089e-27 3.6371584946675250e-03
4.2643043837320093e+12 2.9749299355278375e-10 1.1439897965850295e-36 6.8130110502404448e-26 9.3274767874592027e-12 3.8454344182127873e-27 3.6930879207089659e-03
4.7406497251707695e+12 2.9421654932380175e-10 1.6429791325490425e-36 8.2194321773014994e-26 9.3231207549523562e-12 5.5842512473384092e-27 3.7384557427295548e-03
5.2702053592837666e+12 2.9095755296643169e-10 2.3670366042715369e-36 9.8993725794040882e-26 9.3187019378462209e-12 8.1353330756965312e-27 3.7721622557103968e-03
5.8589151570405430e+12 2.8771739621082222e-10 3.4186261859679428e-36 1.1902105573803727e-25 9.3142649879859541e-12 1.1881889072369391e-26 3.7950275244513021e-03
6.5133869512183105e+12 2.8449383595404183e-10 4.9404222685834538e-36 1.4270764830022978e-25 9.3097358299921609e-12 1.7365656630189864e-26 3.8065258511240964e-03
7.2409667044453223e+12 2.8129038580365929e-10 7.1281401669167461e-36 1.7090772596003532e-25 9.3052338787843147e-12 2.5340859576666046e-26 3.8167712811996591e-03
8.0498209622075342e+12 2.7810408798856943e-10 1.0294790148463070e-35 2.0424279326793734e-25 9.3006493032629734e-12 3.7017759152415639e-26 3.8171067509073912e-03
8.9490285162911348e+12 2.7493654972338963e-10 1.4869396777809859e-35 2.4359410527779948e-25 9.2960468245461746e-12 5.4083012217800006e-26 3.8098147623934378e-03
9.9486823075167148e+12 2.7178681195160584e-10 2.1423402513454237e-35 2.9000507735151837e-25 9.2913891071996992e-12 7.8824290110400468e-26 3.8005564540507394e-03
1.1060002711547617e+13 2.6865735889062347e-10 3.0861558806854911e-35 3.4469753994993587e-25 9.2867687677094637e-12 1.1487330529226022e-25 3.7855578230435167e-03
1.2295463479321090e+13 2.6553847566997765e-10 4.4348205154496355e-35 4.0861409910019771e-25 9.2818618259804583e-12 1.6701235119544092e-25 3.7654041322157106e-03
1.3668931745692643e+13 2.6243899974183224e-10 6.3685810314194048e-35 4.8392822727331590e-25 9.2769644120731710e-12 2.4266900261334390e-25 3.7432206549412104e-03
1.5195823677784547e+13 2.5935546903024189e-10 9.0992929845463919e-35 5.7161385457629474e-25 9.2719357680008817e-12 3.5084253355325920e-25 3.7209275746976594e-03
1.6893277510079361e+13 2.5628947443627899e-10 1.2999535467218722e-34 6.7404645116964782e-25 9.2668336515491769e-12 5.0722080943089161e-25 3.6928402829346481e-03
1.8780345908446348e+13 2.5324205398593773e-10 1.8498880864607031e-34 7.9297866684406823e-25 9.2616962814273241e-12 7.3048218388065413e-25 3.6637080812136403e-03
2.0878209822247672e+13 2.5021414265417329e-10 2.6289058000757117e-34 9.3123145113127152e-25 9.2565580791909800e-12 1.0506623535301850e-24 3.6308992335048495e-03
2.3210416224855555e+13 2.4720340449239514e-10 3.7238321385283175e-34 1.0911370432208574e-24 9.2513306598800434e-12 1.5063838405360133e-24 3.5963092353649903e-03
2.5803142411040133e+13 2.4421116577607083e-10 5.2637438429989306e-34 1.2762996478633891e-24 9.2460638834090653e-12 2.1554067056153831e-24 3.5597747465743864e-03
2.8685489817775418e+13 2.4123834315888161e-10 7.4104909593242886e-34 1.4888993642548373e-24 9.2407943620512347e-12 3.0718545245701992e-24 3.5214269616374084e-03
3.1889810666379512e+13 2.3828260538370272e-10 1.0414509032062277e-33 1.7335769852621551e-24 9.2354256928252514e-12 4.3706543393261783e-24 3.4799865243535489e-03
3.5452071092310539e+13 2.3534588952951808e-10 1.4571614539512658e-33 2.0132029952092542e-24 9.2300348083591843e-12 6.1915738442013551e-24 3.4377985330129456e-03
3.9412254838480750e+13 2.3242614294150987e-10 2.0354785245916479e-33 2.3328919102676595e-24 9.2245364341512289e-12 8.7575283005228762e-24 3.3917112126832095e-03
4.3814812043244742e+13 2.2952496899632591e-10 2.8338583260379068e-33 2.6969035837549774e-24 9.2190075695364411e-12 1.2346623282119992e-23 3.3439623911323182e-03
4.8709158160383023e+13 2.2664247591109069e-10 3.9320497927792716e-33 3.1093310172357836e-24 9.2134321666409888e-12 1.7349130064753487e-23 3.2937209474610341e-03
5.4150228611080102e+13 2.2377903480559947e-10 5.4450647727542861e-33 3.5754818527556134e-24 9.2078361688827961e-12 2.4332327545717155e-23 3.2390925320022125e-03
6.0199095393463805e+13 2.2093150713869697e-10 7.5127664455897340e-33 4.0998783344672248e-24 9.2020905825353185e-12 3.4004957205462551e-23 3.1823079042910540e-03
6.6923652570690430e+13 2.1810729783866627e-10 1.0335636850449509e-32 4.6884057071924794e-24 9.1965224520383639e-12 4.7387854294058371e-23 3.1226367492482774e-03
7.4399378331667281e+13 2.1528751325762653e-10 1.4179555323801184e-32 5.3486144035292120e-24 9.1903160970142602e-12 6.5863342974439205e-23 3.0612624412380491e-03
8.2710182177994406e+13 2.1249137745384000e-10 1.9385162612917342e-32 6.0720613849398601e-24 9.1842842302749467e-12 9.1227996378951548e-23 2.9917877061689637e-03
9.1949346746157375e+13 2.0971604566040690e-10 2.6426073696527708e-32 6.8745126833331289e-24 9.1782913893214635e-12 1.2600883071827245e-22 2.9201809706799167e-03
1.0222057483624353e+14 2.0695013770405073e-10 3.5919750575447826e-32 7.7575250820421907e-24 9.1718499535189482e-12 1.7356717407366456e-22 2.8452712294973290e-03
1.1363915339930158e+14 2.0420834906707562e-10 4.8675721750444571e-32 8.7201852968621020e-24 9.1655937022015881e-12 2.3836303448325818e-22 2.7658763853272419e-03
1.2633324754823358e+14 2.0148404269906916e-10 6.5761389526570842e-32 9.7573876691883657e-24 9.1592568031678801e-12 3.2638510050540419e-22 2.6805736335851278e-03
1.4044533911655739e+14 1.9877842373819791e-10 8.8587682695993607e-32 1.0870805128968893e-23 9.1528583392323825e-12 4.4566045464103510e-22 2.5905406928478127e-03
1.5613382591177156e+14 1.9609441433512832e-10 1.1897996433971065e-31 1.2054902622421604e-23 9.1465458293725034e-12 6.0674836018721112e-22 2.4957103367108601e-03
1.7357479961379256e+14 1.9342349077856038e-10 1.5928298443624564e-31 1.3284352821428541e-23 9.1398915261606408e-12 8.2349348465952216e-22 2.3933218236637929e-03
1.9296402227402762e+14 1.9076914847327832e-10 2.1280633750398054e-31 1.4569632241452824e-23 9.1331355289876033e-12 1.1155175729779443e-21 2.2866633992193871e-03
2.1451912359985441e+14 1.8813582154113134e-10 2.8344208797923183e-31 1.5860344724983123e-23 9.1264073613719181e-12 1.5065822428572652e-21 2.1719244088601454e-03
2.3848204368739434e+14 1.8552140479329429e-10 3.7659937414962252e-31 1.7155660135444238e-23 9.1196493952286828e-12 2.0299510699006672e-21 2.0524407320767399e-03
2.6512174862043112e+14 1.8292880769761851e-10 4.9904087701289713e-31 1.8387800233613171e-23 9.1129716514539923e-12 2.7280606225664149e-21 1.9245121830160162e-03
2.9473724941611194e+14 1.8034693492499873e-10 6.5962140961854319e-31 1.9512319421003698e-23 9.1058485159143774e-12 3.6575138351692054e-21 1.7889868256425222e-03
3.2766095820281150e+14 1.7778491501846937e-10 8.7081767038350528e-31 2.0491220829241124e-23 9.0987112306619233e-12 4.8981527498721671e-21 1.6468603095400442e-03
3.6426241930082531e+14 1.7524273521566066e-10 1.1471130664500666e-30 2.1217820107535750e-23 9.0915938553299708e-12 6.5458523289903216e-21 1.4965031594692275e-03
4.0495245708450362e+14 1.7271428271628963e-10 1.5092101898322309e-30 2.1612749611046673e-23 9.0841778275627894e-12 8.7381898363978740e-21 1.3386622946637327e-03
4.5018778718248044e+14 1.7020544184993640e-10 1.9834030767292826e-30 2.1557444667034242e-23 9.0767502033183116e-12 1.1652994494018427e-20 1.1732891865419543e-03
5.0047614277339212e+14 1.6771225735556088e-10 2.6058835560170202e-30 2.0981271283607556e-23 9.0690590420246755e-12 1.5537824110806510e-20 1.0036259782681008e-03
5.5638197351587400e+14 1.6523707463623077e-10 3.4240311210387681e-30 1.9591068426678197e-23 9.0612889579993695e-12 2.0721930163534839e-20 8.2363637979460341e-04
6.1853278107919838e+14 1.6278417626905317e-10 4.5020072448085994e-30 1.7287872477601135e-23 9.0536327384893169e-12 2.7656295273857490e-20 6.3860507045473242e-04
6.8762616238618188e+14 1.6034617996916388e-10 5.9292614653721229e-30 1.3890170611881844e-23 9.0457010282342822e-12 3.6977877904620970e-20 4.5048254739622897e-04
7.6443763962350388e+14 1.5792799022376283e-10 7.8293714392678113e-30 9.3179131187247693e-24 9.0377525136963776e-12 4.9575578263071919e-20 2.6498766225249417e-04
8.4982936490565062e+14 1.5552789340872702e-10 1.0367155195505960e-29 3.1070865736295051e-24 9.0296752686000883e-12 6.6657851323563514e-20 7.7378340171905025e-05
9.4475979729574800e+14 1.5314280852997169e-10 1.3790833094245901e-29 -4.7690253396302929e-24 9.0213235707685291e-12 9.0052110357809499e-20 -1.0377340693387901e-04
1.0502944608008339e+15 1.5077830918292690e-10 1.8428840164173621e-29 -1.4641224581677574e-23 9.0129836871442109e-12 1.2222474349288150e-19 -2.7775313288532221e-04
1.1676179040920840e+15 1.4842980428752280e-10 2.4761721201854669e-29 -2.6840548216786640e-23 9.0044074888091536e-12 1.6682445497191949e-19 -4.4273148685110178e-04
1.2980469961889165e+15 1.4610053670517746e-10 3.3511263164344181e-29 -4.1008057245563065e-23 8.9957770643221151e-12 2.2937125297471010e-19 -5.8606783972366659e-04
1.4430457073414328e+15 1.4378513017628459e-10 4.5639878860144237e-29 -5.7760751941534502e-23 8.9867189378568211e-12 3.1741723781999200e-19 -7.1302311529765979e-04
1.6042415410154138e+15 1.4149788372585450e-10 6.2623352467984693e-29 -7.6461717778868539e-23 8.9781515396254783e-12 4.4257448110895067e-19 -8.1227095043560655e-04
1.7834438014169998e+15 1.3922291129473155e-10 8.6494839848097790e-29 -9.7469781834445059e-23 8.9692104207495370e-12 6.2126871966489976e-19 -8.8821793656256032e-04
1.9826639015964645e+15 1.3696565577527725e-10 1.2031843794722300e-28 -1.1979165237802035e-22 8.9600316415895501e-12 8.7845699176319262e-19 -9.3315679412890801e-04
2.2041379400743772e+15 1.3472034150397215e-10 1.6840623015206047e-28 -1.4249056835825065e-22 8.9502498909452974e-12 1.2500430764354549e-18 -9.4599851397423229e-04
2.4503517993964885e+15 1.3250470001496626e-10 2.3718059626979101e-28 -1.6370271960429116e-22 8.9412466501038622e-12 1.7899787422106666e-18 -9.2342297255917796e-04
2.7240690483295940e+15 1.3030249477293996e-10 3.3569056471740002e-28 -1.8098398594136987e-22 8.9316627957016985e-12 2.5762405033177707e-18 -8.6535481801349107e-04
3.0283619608804790e+15 1.2810671586501253e-10 4.7685294635492202e-28 -1.9249004371060717e-22 8.9211785342480223e-12 3.7223102874433790e-18 -7.7880743162619156e-04
3.3666460003029385e+15 1.2594500387938277e-10 6.7983099832549685e-28 -1.9078992010799001e-22 8.9116347057927668e-12 5.3978401475660708e-18 -6.5202533726978207e-04
3.7427181551508775e+15 1.2379474693622510e-10 9.7242292256659225e-28 -1.7083793225723012e-22 8.9014683481005517e-12 7.8551226658070711e-18 -4.9238589577902737e-04
4.1607995576712360e+15 1.2166702139197733e-10 1.3893061766672186e-27 -1.2661112080027276e-22 8.8914431638937833e-12 1.1418921584274346e-17 -3.0795441310310867e-04
4.6255828628963690e+15 1.1954155387596699e-10 1.9877407112807629e-27 -4.4958736603920034e-23 8.8800638519045953e-12 1.6628031398547718e-17 -9.2230546882229961e-05
5.1422849202319930e+15 1.1744439379559605e-10 2.8446520679600541e-27 9.3690164223587996e-23 8.8691716922843541e-12 2.4221267410268870e-17 1.6209263318426624e-04
5.7167053287394070e+15 1.1537873082372044e-10 4.0680393021850019e-27 3.0438873862329945e-22 8.8593524103769792e-12 3.5258138767363384e-17 4.4429674569482181e-04
6.3552915333526250e+15 1.1331610240994039e-10 5.8140199467042001e-27 6.1616364360767488e-22 8.8480638927401726e-12 5.1307976739889873e-17 7.5912273200650141e-04
7.0652111926871430e+15 1.1127286441321643e-10 8.2840447431228205e-27 1.0615617289715600e-21 8.8367598261131637e-12 7.4448022766446219e-17 1.1056798656915862e-03
7.8544326307149450e+15 1.0925241028829299e-10 1.1779757646552861e-26 1.6799148436606225e-21 8.8255077333178592e-12 1.0782148984602427e-16 1.4808244493296607e-03
8.7318142753177290e+15 1.0724597378446671e-10 1.6706252408797733e-26 2.5270456423731181e-21 8.8137620535237250e-12 1.5577510109957555e-16 1.8879177435770149e-03
9.7072040875984140e+15 1.0526066931341907e-10 2.3642996057781160e-26 3.6795815363624169e-21 8.8021124123175555e-12 2.2461377276048771e-16 2.3324595048505592e-03
1.0791550097972988e+16 1.0329166111368169e-10 3.3306060905083100e-26 5.2111583387073029e-21 8.7900514644069564e-12 3.2244675461678166e-16 2.8095709410632182e-03
1.1997023289728028e+16 1.0133350875975615e-10 4.6840955586941253e-26 7.2492311171341944e-21 8.7772097815000081e-12 4.6224547200860148e-16 3.3273810003253230e-03
1.3337154209320578e+16 9.9401734361491130e-11 6.5607557134533727e-26 9.9140041300293505e-21 8.7647995561508396e-12 6.6002426975711273e-16 3.8821756460430245e-03
1.4826984836772212e+16 9.7485407057345016e-11 9.1487820839254584e-26 1.3376022794220749e-20 8.7519528768681302e-12 9.3847708699044077e-16 4.4789431887353381e-03
1.6483237420786498e+16 9.5580898574890987e-11 1.2720846786669902e-25 1.7862034036456734e-20 8.7382716998989057e-12 1.3308984301609861e-15 5.1225634577327954e-03
1.8324502173643816e+16 9.3709920414124340e-11 1.7630798372068619e-25 2.3640743475285777e-20 8.7258053644422961e-12 1.8814228305983277e-15 5.8161065829047598e-03
2.0371445932607020e+16 9.1847205522095484e-11 2.4345371802291862e-25 3.1024681745180261e-20 8.7121352043368560e-12 2.6506382708002023e-15 6.5609413539086218e-03
2.2647044129908968e+16 9.0004169402323598e-11 3.3478255634912558e-25 4.0416233618798305e-20 8.6982836527949569e-12 3.7196338633227959e-15 7.3628018780223185e-03
2.5176838675015748e+16 8.8177485949895559e-11 4.5815302656756538e-25 5.2264811493952081e-20 8.6840738438091044e-12 5.1958050474232833e-15 8.2229046094294701e-03
2.7989224643698200e+16 8.6369821955951142e-11 6.2572346750162188e-25 6.7247738750516393e-20 8.6696482947210914e-12 7.2447002127749921e-15 9.1475638944198932e-03
3.1115768991791920e+16 8.4575866340236704e-11 8.5026271619021498e-25 8.6007683522354646e-20 8.6544868658723544e-12 1.0053254586476480e-14 1.0142323421660441e-02
3.4591564870967180e+16 8.2808960696378171e-11 1.1522947562290122e-24 1.0954192170593623e-19 8.6399800545835549e-12 1.3915097430746939e-14 1.1213983061269160e-02
3.8455625523443048e+16 8.1057868697062904e-11 1.5551303977595912e-24 1.3882692482291994e-19 8.6247534860689626e-12 1.9185434094887705e-14 1.2364959784003312e-02
4.2751322176826408e+16 7.9323623805044246e-11 2.0924594850116053e-24 1.7522128517909543e-19 8.6092714142157896e-12 2.6378768198415173e-14 1.3600568414118037e-02
4.7526870854113000e+16 7.7590006190776145e-11 2.8075049682682222e-24 2.2022907757227667e-19 8.5913736808275602e-12 3.6183847715711037e-14 1.4921466208960723e-02
5.2835873562945216e+16 7.5907925814901320e-11 3.7564486695645233e-24 2.7600272850262342e-19 8.5770126889291524e-12 4.9486909690093482e-14 1.6344855437705814e-02
5.8737919938567640e+16 7.4228472231849609e-11 5.0132880479189743e-24 3.4449858233712047e-19 8.5604313292700550e-12 6.7538612841981100e-14 1.7858330199680975e-02
6.5299256093480680e+16 7.2559872284114914e-11 6.6782502039729764e-24 4.2854814555994794e-19 8.5427442736298598e-12 9.2037788845920968e-14 1.9467941039858810e-02
7.2593528181141520e+16 7.0914623351300417e-11 8.8798148445428773e-24 5.3163734243718248e-19 8.5250189594762495e-12 1.2521838832242672e-13 2.1185836823091844e-02
8.0702609019650272e+16 6.9288353028652864e-11 1.1796418773482922e-23 6.5754643053826450e-19 8.5072801412420283e-12 1.7025110654026849e-13 2.2999649334248438e-02
8.9717517053682400e+16 6.7663442474219426e-11 1.5659749908616481e-23 8.1081137469639466e-19 8.4870920657644561e-12 2.3143590299265966e-13 2.4908660711686004e-02
9.9739437969321216e+16 6.6100624020766791e-11 2.0808917971293655e-23 9.9780228337514996e-19 8.4718173951122300e-12 3.1480667965781354e-13 2.6904006833374201e-02
1.1088086042866704e+17 6.4519264586855101e-11 2.7671141802294854e-23 1.2239282791806099e-18 8.4513087114061743e-12 4.2888185380712779e-13 2.8966613537687962e-02
1.2326683867201475e+17 6.2947246976277203e-11 3.6876491761588734e-23 1.4972475178246484e-18 8.4293538083908947e-12 5.8583168498957066e-13 3.1076380652803878e-02
1.3703639615935091e+17 6.1419188331667853e-11 4.9259444358220875e-23 1.8286159724854052e-18 8.4101252031521085e-12 8.0202043850167755e-13 3.3244952602304430e-02
1.5234408600604397e+17 5.9899826308185729e-11 6.6032255866194276e-23 2.2279300903705944e-18 8.3892505974656688e-12 1.1023780858125414e-12 3.5425069453416370e-02
1.6936172572744090e+17 5.8409833212030220e-11 8.8990241138670113e-23 2.7082975056070775e-18 8.3697299268906126e-12 1.5235489684672804e-12 3.7564896352166692e-02
1.8828032576360390e+17 5.6914455857733795e-11 1.2052955066302643e-22 3.2834026433409054e-18 8.3458244492454148e-12 2.1177317580625358e-12 3.9642960588634694e-02
2.0931223343047024e+17 5.5471773119426410e-11 1.6406323086360925e-22 3.9772521247745507e-18 8.3266481105486781e-12 2.9575984620125383e-12 4.1690919015167707e-02
2.3269351636165904e+17 5.4019990068052070e-11 2.2483750466856584e-22 4.8026384318446147e-18 8.3028637452010214e-12 4.1621167346456261e-12 4.3578097229899589e-02
2.5868661219335805e+17 5.2589011825780300e-11 3.0973786973639054e-22 5.7904776306957010e-18 8.2789226542853299e-12 5.8897830360586060e-12 4.5370099272519879e-02
2.8758327423300323e+17 5.1173512633572238e-11 4.2916882112235979e-22 6.9677789129596718e-18 8.2537864731777337e-12 8.3865421588668805e-12 4.7017297867854184e-02
3.1970784617471936e+17 4.9800662308530465e-11 5.9793027639725327e-22 8.3739749389967608e-18 8.2317224285527344e-12 1.2006472377530076e-11 4.8527601344484431e-02
3.5542090261781171e+17 4.8418122493003394e-11 8.3584615042001972e-22 1.0043907959102260e-17 8.2043278588159961e-12 1.7263084716396704e-11 4.9927012354144151e-02
3.9512329625036570e+17 4.7066679367355473e-11 1.1747617181837151e-21 1.2023197639270471e-17 8.1786857469345286e-12 2.4959519854489357e-11 5.1131474128465554e-02
4.3926065712470086e+17 4.5707384391737053e-11 1.6562025174426862e-21 1.4356975950903378e-17 8.1473140386909606e-12 3.6234900321316156e-11 5.2181080532667991e-02
4.8832839452564230e+17 4.4401930020663288e-11 2.3381701762137372e-21 1.7141404421136918e-17 8.1217520746084618e-12 5.2659201413148010e-11 5.3199483894431791e-02
5.4287725757396486e+17 4.3108157767433424e-11 3.3057240073127633e-21 2.0426888326120552e-17 8.0941314928808281e-12 7.6684418408541097e-11 5.4111451897222940e-02
6.0351951697855514e+17 4.1835337697589758e-11 4.6718122066318476e-21 2.4314679902366432e-17 8.0658488406023838e-12 1.1167143527992352e-10 5.4998928493790317e-02
6.7093583732304883e+17 4.0558848579390596e-11 6.5959826183698828e-21 2.8886452127675338e-17 8.0332072197433119e-12 1.6262746227586081e-10 5.5848516895784947e-02
7.4588291702317222e+17 3.9318457131664064e-11 9.3075560564627060e-21 3.4284018155284478e-17 8.0023734617687412e-12 2.3672231143484542e-10 5.6672928174749178e-02
8.2920198170770022e+17 3.8094889875945358e-11 1.3121273346585398e-20 4.0618553200707582e-17 7.9702982481065225e-12 3.4443657364005794e-10 5.7451728231448944e-02
9.2182822635503219e+17 3.6883836249374092e-11 1.8419455993957133e-20 4.8090790610169164e-17 7.9360744645254429e-12 4.9939100315442905e-10 5.8345245901703806e-02
1.0248013121661998e+18 3.5695073050943601e-11 2.5795021108796845e-20 5.6869864149702903e-17 7.9014826771913423e-12 7.2264934304355475e-10 5.9266613110604008e-02
1.1392770359942145e+18 3.4527906170095659e-11 3.6002422640023466e-20 6.7181297900953755e-17 7.8664952829153266e-12 1.0427050636990253e-09 6.0255598642564662e-02
1.2665403033102909e+18 3.3356744129900142e-11 5.0067267009761262e-20 7.9220146289996672e-17 7.8257080782752688e-12 1.5009638452612969e-09 6.1300902789342845e-02
1.4080195503189652e+18 3.2225408722774936e-11 6.9418758966984413e-20 9.3389263976210804e-17 7.7875956281483790e-12 2.1541622455321794e-09 6.2439485067045282e-02
1.5653027770998254e+18 3.1128622136000150e-11 9.6001095888474290e-20 1.1003297193128493e-16 7.7519308272792814e-12 3.0840136506196541e-09 6.3650936668258107e-02
1.7401553717356954e+18 3.0020433285576792e-11 1.3160950065705134e-19 1.2951518194903397e-16 7.7086555455235645e-12 4.3839973536726709e-09 6.5158125414372645e-02
1.9345399254903895e+18 2.8947327427120744e-11 1.8027494512319517e-19 1.5235295013570778e-16 7.6669034979819220e-12 6.2276887030199335e-09 6.6692799147356235e-02
2.1506382614464530e+18 2.7890230067768397e-11 2.4623465094254101e-19 1.7908016766801301e-16 7.6229086026323269e-12 8.8287062591559967e-09 6.8335576060042452e-02
2.3908759238581678e+18 2.6851487197322234e-11 3.3492909982949436e-19 2.1036535445100157e-16 7.5774609880646926e-12 1.2473390884851756e-08 7.0147726985137979e-02
2.6579494030949407e+18 2.5829682999906064e-11 4.5397436726749493e-19 2.4705686530224120e-16 7.5297214022643386e-12 1.7575684505699726e-08 7.2147572389341802e-02
2.9548564017543910e+18 2.4822668649078083e-11 6.1467346486564764e-19 2.8994204730740253e-16 7.4792731807451919e-12 2.4762585293889124e-08 7.4227482886071866e-02
3.2849294816606541e+18 2.3844151021347684e-11 8.2917557036128393e-19 3.4025932400727190e-16 7.4290036459191534e-12 3.4774798263293555e-08 7.6523681215470707e-02
3.6518734694100598e+18 2.2885037509530144e-11 1.1178329608679027e-18 3.9928700597747338e-16 7.3768181192751837e-12 4.8845578942188718e-08 7.8944323455573256e-02
4.0598070403139712e+18 2.1931292325254711e-11 1.5037189996165026e-18 4.6806188194890386e-16 7.3188032811131234e-12 6.8564992623915353e-08 8.1505669486674953e-02
