# k_modes  P_R(k)  P_S(k)  P_RS(k)  P_T(k)  beta_iso  cosDelta
4.6964647396756300e-05 4.8176732625387774e-08 3.3755320624753952e-89 -9.9392037221138004e-49 8.2318227873539505e-12 7.0065607992198815e-82 -7.7940251406122352e-01
5.2565526452484121e-05 4.8861762462010509e-08 1.5790362205283597e-89 -8.2455345991085408e-49 8.0778326207243030e-12 3.2316399183431895e-82 -9.3872461993970668e-01
5.8834351461939311e-05 4.9893260988363074e-08 4.4988967646906088e-89 -1.4975947028427585e-48 7.9295434605593872e-12 9.0170429343953189e-82 -9.9958639487931511e-01
6.5850779884720674e-05 5.1367884831994966e-08 1.2999489094376058e-89 -7.6751053656484889e-49 7.7920554401068605e-12 2.5306646627347997e-82 -9.3923736760794574e-01
7.3703968917396235e-05 5.3402522298445513e-08 7.5225421462914829e-90 3.9870726219215475e-49 7.6692526660898950e-12 1.4086492215200958e-82 6.2905837147799426e-01
8.2493708406890844e-05 5.6122878437368129e-08 3.9133285547185271e-77 1.3931388255416564e-42 7.5647696838561241e-12 6.9727866133696508e-70 9.4005068738252506e-01
9.2331688872116110e-05 5.9674911402756071e-08 4.2262207491808482e-89 -1.5411451277193788e-48 7.4814151772576391e-12 7.0820729345660343e-82 -9.7044640874043964e-01
1.0334292074648837e-04 6.4222235939255019e-08 7.1592486930519139e-89 -2.1326762839385661e-48 7.4207116634048342e-12 1.1147616691239981e-81 -9.9460011281150973e-01
1.1566732287554022e-04 6.9939530203380372e-08 5.0204612082201064e-86 5.5111770293406432e-47 7.3825395834284384e-12 7.1782884351966292e-79 9.3006049620874809e-01
1.2946150045453490e-04 7.7040016522930929e-08 7.6435956948808950e-89 -2.3134003062570488e-48 7.3651120666207423e-12 9.9215914531972903e-82 -9.5333107921365678e-01
1.4490073499819696e-04 8.5718968655260153e-08 5.5255452027546980e-87 -1.0069641459383285e-47 7.3652639576124308e-12 6.4461172240382787e-80 -4.6268771731241676e-01
1.6218121162894498e-04 9.6057854201241991e-08 6.5755271011214243e-89 -2.4946926753995286e-48 7.3781528602390949e-12 6.8453820416867119e-82 -9.9262526610799962e-01
1.8152251198560163e-04 1.0806300600494822e-07 8.0495788585907916e-90 -3.1370041414830937e-49 7.3987903111843571e-12 7.4489681123826971e-83 -3.3634888340860414e-01
2.0317040442976970e-04 1.2156059027089523e-07 2.2828008973502522e-89 -1.4932377087582338e-48 7.4223167646512039e-12 1.8779119879749501e-82 -8.9639315434512412e-01
2.2739996700481101e-04 1.3610122321703345e-07 2.1344438904008546e-89 -6.7067168350494514e-49 7.4445025182422004e-12 1.5682767869008566e-82 -3.9349261386729079e-01
2.5451908283061024e-04 1.5085080760402424e-07 2.0855477995527015e-84 3.2197567454855492e-46 7.4622419569904042e-12 1.3825234565711834e-77 5.7403605072656205e-01
2.8487235234983353e-04 1.6449082698441057e-07 6.7927502464166492e-87 -1.9467497832498474e-47 7.4742808955931505e-12 4.1295617335916394e-80 -5.8239343336140714e-01
3.1884547213827921e-04 1.7546079454393770e-07 3.6444534242365054e-88 -7.9821359083678403e-48 7.4816971134163076e-12 2.0770756417177207e-81 -9.9818920777305586e-01
3.5687013592051580e-04 1.8145938827215834e-07 2.2063536267730556e-88 -2.7172949166229805e-48 7.4868040053664795e-12 1.2158938965802634e-81 -4.2944692229457154e-01
3.9942952006762273e-04 1.7970427149898360e-07 6.3063582708904750e-88 -1.0177571221002417e-47 7.4925950779718784e-12 3.5092979250224130e-81 -9.5603904665886630e-01
4.4706442328081486e-04 1.6790037042457427e-07 7.2830445537143688e-88 -1.1046274637768567e-47 7.5009292607493300e-12 4.3377179784044156e-81 -9.9892648089106739e-01
5.0038013847742292e-04 1.4494090182516371e-07 7.1098921695652445e-88 -9.8116396841029885e-48 7.5119751246810254e-12 4.9053732107598014e-81 -9.6652836612057913e-01
5.6005414419973509e-04 1.1202415876494257e-07 8.5093604747282447e-88 -9.4858271934069733e-48 7.5252974226426911e-12 7.5960047980214864e-81 -9.7156285452557067e-01
6.2684471328082101e-04 7.3597209289970583e-08 1.2343692301426880e-87 -9.4976819577820368e-48 7.5416995479029463e-12 1.6771957008306034e-80 -9.9647040682783938e-01
7.0160054815696614e-04 3.7343126765770346e-08 1.8499787823669472e-83 7.0010061360866964e-46 7.5630149397979079e-12 4.9540007562052475e-76 8.4230958959182634e-01
7.8527156526186513e-04 1.2198240103993168e-08 2.4633018417307268e-87 -2.9920597853939619e-48 7.5896861355179702e-12 2.0193911750633193e-79 -5.4583686324193714e-01
8.7892096553901045e-04 3.9329297502285569e-09 2.0010518631930509e-87 -1.3018686501019683e-48 7.6206328367639022e-12 5.0879420439095373e-79 -4.6406616160035630e-01
9.8373874445131532e-04 9.9298477516409746e-09 2.9630939119340937e-87 -2.7467120277807505e-48 7.6539902136259026e-12 2.9840275360157689e-79 -5.0637135065475192e-01
1.1010568131585852e-03 1.7772957355731176e-08 2.1730489924556143e-87 5.6705491831318929e-48 7.6890443410065925e-12 1.2226715841158983e-79 9.1245302075034596e-01
1.2323659230064402e-03 1.5052395527344755e-08 2.5883325959774595e-86 2.6305164521464064e-48 7.7268846380392722e-12 1.7195486202016123e-78 1.3326870289264936e-01
1.3793346083847994e-03 5.3772928408366675e-09 6.4863907999851797e-88 1.8654305342878815e-49 7.7679567880290415e-12 1.2062558227674922e-79 9.9883943790105609e-02
1.5438303886613630e-03 3.5713178089456512e-09 4.0393268515722417e-87 1.0402655237557886e-48 7.8105326238650562e-12 1.1310465961484283e-78 2.7388954682490729e-01
1.7279434986013041e-03 5.7786820745513993e-09 1.7497273582442917e-87 -1.1805064656302674e-48 7.8535012379785687e-12 3.0279003684073131e-79 -3.7125197959020256e-01
1.9340134488138060e-03 1.8563356850781507e-09 1.9273616095017514e-87 -1.2316124047080528e-48 7.8977971836448037e-12 1.0382613581123991e-78 -6.5112473797205628e-01
2.1646587537268226e-03 3.0951027619523291e-09 1.2381114242108601e-86 -3.7032861379144896e-48 7.9441489638156995e-12 4.0002271957842331e-78 -5.9823231340529215e-01
2.4228102048411784e-03 1.9342340971574549e-09 4.9672656187260652e-87 -4.4027096757525103e-49 7.9924464329822985e-12 2.5680788204622929e-78 -1.4203874900833804e-01
2.7117481120644701e-03 2.7134643695311855e-09 2.0466233434760199e-81 4.8632644944481509e-46 8.0388269845441628e-12 7.5424736232288246e-73 2.0637014369039586e-01
3.0351439863475723e-03 1.8616321128865661e-09 7.6941054395135022e-87 1.8885694493481127e-49 8.0795788707735541e-12 4.1329892121292190e-78 4.9900737273629141e-02
3.3971071932815278e-03 2.0161703189284180e-09 9.3404295383440710e-87 -3.3593188687090056e-49 8.1138024685427376e-12 4.6327581805233852e-78 -7.7411270717468228e-02
3.8022371704785275e-03 1.9843429570412417e-09 5.3442622984723201e-87 3.6385486619700227e-49 8.1417171691002915e-12 2.6932150410334778e-78 1.1173157939818107e-01
4.2556818722589143e-03 1.8768680318477801e-09 1.3493188866638072e-84 -1.3917785693685621e-47 8.1628798819559136e-12 7.1892049082182955e-76 -2.7656420940696236e-01
4.7632031842963166e-03 1.8570132982863423e-09 2.3272394332300311e-86 3.1025266294789048e-49 8.1771823316756018e-12 1.2532163530426061e-77 4.7194074891511208e-02
5.3312501394395190e-03 1.8915093836570093e-09 5.3180826982375148e-86 6.9079206181716528e-49 8.1858938434217583e-12 2.8115550174832502e-77 6.8875623752969142e-02
5.9670408650587094e-03 1.8446013302469518e-09 8.7035216396949836e-86 -5.7476767952672437e-48 8.1901452019834057e-12 4.7183754543480524e-77 -4.5362144044511588e-01
6.6786543032144891e-03 1.8706836853358558e-09 2.1173647007315250e-85 -9.7927777944920347e-48 8.1915545488226784e-12 1.1318667700634706e-76 -4.9204847091935605e-01
7.4751328691305277e-03 1.8724506129488200e-09 9.7563684468253374e-85 1.3213041710618465e-48 8.1916786898240202e-12 5.2104810558717841e-76 3.0913880486749888e-02
8.3665973524428804e-03 1.9639529276066601e-09 4.0440266724018250e-85 -6.7271352610707085e-48 8.1913409958127228e-12 2.0591260694470991e-76 -2.3870285709295977e-01
9.3643755212669908e-03 1.9580125624353721e-09 1.4864431630896092e-85 1.0424756588261139e-49 8.1909347748452272e-12 7.5915915536352542e-77 6.1106024860544837e-03
1.0481146063244009e-02 1.9379028543990720e-09 2.1195869236625380e-83 8.5238853623218166e-47 8.1907346684671453e-12 1.0937529292817955e-74 4.2057744976811667e-01
1.1731099692613800e-02 1.9283578412374395e-09 2.0241596798847147e-82 3.6157459866788076e-46 8.1906830861210965e-12 1.0496805295151021e-73 5.7873761991632389e-01
1.3130119470489409e-02 1.9191844000445393e-09 5.8287687895053359e-85 -9.1178550458818157e-48 8.1906626803117824e-12 3.0371072156328831e-76 -2.7261259505863966e-01
1.4695982629648312e-02 1.9105231114759062e-09 8.9733356680157881e-85 -1.5913579588531897e-48 8.1907033021887491e-12 4.6967951416634571e-76 -3.8433928312085981e-02
1.6448586468411994e-02 1.9016259355114011e-09 1.5962484485708443e-84 8.4460801836782431e-48 8.1907056958854226e-12 8.3941243057434837e-76 1.5330009008951398e-01
1.8410201184029355e-02 1.8933325308375779e-09 3.6310247055387302e-84 -1.5473153471240161e-47 8.1906235911890443e-12 1.9177955517050282e-75 -1.8661681917350190e-01
2.0605752858297587e-02 1.8862441069096456e-09 1.9675814847441869e-84 -1.8894981625282229e-47 8.1904608985277404e-12 1.0431213423207464e-75 -3.1015669654173522e-01
2.3063140191296381e-02 1.8793687000978669e-09 1.0688406369906665e-84 3.7251735882463405e-47 8.1902400326915228e-12 5.6872322973933070e-76 8.3115886567455977e-01
2.5813589007945417e-02 1.8725480340624819e-09 8.5462891340597301e-84 -2.1107564134046028e-48 8.1899612110084248e-12 4.5639892694867786e-75 -1.6685254805428412e-02
2.8892049042072154e-02 1.8660374846052262e-09 8.7031466243603979e-84 -5.5424119718124861e-47 8.1894992360551967e-12 4.6639720242284480e-75 -4.3491108010273044e-01
3.2337638039893118e-02 1.8591899068636854e-09 8.4205300859355251e-85 -2.4930839101911867e-48 8.1888893630008428e-12 4.5291393067749229e-76 -6.3009394095680640e-02
3.6194138826096310e-02 1.8521289061948368e-09 1.0796124485343280e-82 -7.1646790685782050e-48 8.1882904105684293e-12 5.8290351439542670e-74 -1.6022386170954545e-02
4.0510555648703837e-02 1.8448682662609737e-09 3.6425872759100213e-82 -7.3900555150830078e-48 8.1877143016946864e-12 1.9744430225863854e-73 -9.0148818147647060e-03
4.5341736872144572e-02 1.8374652991622915e-09 2.1827571197762584e-83 -7.1634420322336398e-48 8.1871611741708224e-12 1.1879174647659398e-74 -3.5769220101296212e-02
5.0749071931048016e-02 1.8299874460019057e-09 1.8235911103791819e-82 9.9849820111398726e-47 8.1866376463692965e-12 9.9650471065432808e-74 1.7284606558988502e-01
5.6801271400895748e-02 1.8224863572951094e-09 4.0356515547517511e-76 -1.0322123205242044e-43 8.1861443384275140e-12 2.2143658516826259e-67 -1.2035941405903539e-01
6.3575240097825947e-02 1.8149994266951862e-09 4.0428580024490165e-83 8.0092049246711923e-50 8.1856996822136349e-12 2.2274706773932113e-74 2.9566976471652912e-04
7.1157054302000658e-02 1.8074965668364403e-09 3.8529651204596124e-83 -1.4025614633631343e-46 8.1851168738516835e-12 2.1316583340477602e-74 -5.3147840477327823e-01
7.9643055522035211e-02 1.7999973010866578e-09 2.6994119213899012e-82 -2.9247689730996780e-47 8.1844475013634179e-12 1.4996755382690114e-73 -4.1958606784224729e-02
8.9141074698867090e-02 1.7925293943637400e-09 3.9455741172744781e-82 -2.9129931126984722e-47 8.1838134143572321e-12 2.2011210135134008e-73 -3.4637872700300061e-02
9.9771802404925447e-02 1.7850898798270936e-09 1.9360919567768208e-82 2.1943851384897977e-48 8.1832142173128872e-12 1.0845907417078369e-73 3.7326719146165898e-03
1.1167032244961254e-01 1.7776777309011932e-09 5.4020411213566382e-82 -1.9958049316368138e-46 8.1826617838501560e-12 3.0388191444678082e-73 -2.0366323250579108e-01
1.2498782837850005e-01 1.7702862881762431e-09 2.5168598430638193e-82 -3.9959551918585608e-48 8.1821387563171539e-12 1.4217247571050779e-73 -5.9864497461626798e-03
1.3989354467765830e-01 1.7629158576350556e-09 2.3971638254419834e-81 -2.4211303383584462e-47 8.1816544799598660e-12 1.3597721156458192e-72 -1.1777511037634320e-02
1.5657687709570905e-01 1.7555665900984077e-09 3.4400195591281814e-81 -2.8606780113007822e-47 8.1812111599221032e-12 1.9594924957733174e-72 -1.1640720673866588e-02
1.7524981940757242e-01 1.7481949385016343e-09 2.1629505806512796e-81 3.6011159553011313e-47 8.1806185704156959e-12 1.2372479367233094e-72 1.8519057416724986e-02
1.9614964720246303e-01 1.7408215330326513e-09 5.2978220102478460e-81 3.7438727340775869e-48 8.1799532976329726e-12 3.0432884185540912e-72 1.2328075079209573e-03
2.1954193292588473e-01 1.7334720724590222e-09 7.0844075889562221e-81 -7.7688231858286880e-47 8.1793224787546731e-12 4.0868311070663019e-72 -2.2168945863055501e-02
2.4572392048752298e-01 1.7261474375243599e-09 3.7559619512155947e-81 -3.5611581228407773e-47 8.1787265912168584e-12 2.1759218648219262e-72 -1.3985941961524893e-02
2.7502830231590575e-01 1.7188472406457785e-09 1.0643603935290144e-80 -2.3829607740198166e-46 8.1781619814555476e-12 6.1922919521872661e-72 -5.5712660741633453e-02
3.0782744685456864e-01 1.7115722504287703e-09 9.8585755857927214e-80 2.5947061211789224e-46 8.1776321317622744e-12 5.7599529224214897e-71 1.9974847519855135e-02
3.4453813021817925e-01 1.7043218581181581e-09 3.6177438770187970e-80 -2.8279681432912318e-46 8.1771348313885427e-12 2.1226881881415055e-71 -3.6014699656860272e-02
3.8562683213339732e-01 1.6970972853605906e-09 1.4756388450597198e-79 1.3648711248352592e-44 8.1766775263950951e-12 8.6950751603269660e-71 8.6247841907735945e-01
4.3161566345957070e-01 1.6898505620112536e-09 3.6807506039531367e-80 1.6124884473960296e-46 8.1760504737338772e-12 2.1781515399635821e-71 2.0445807407746344e-02
4.8308900060979837e-01 1.6826073991700868e-09 7.1015043096841057e-80 1.8451902001378253e-46 8.1753642097566038e-12 4.2205355290763509e-71 1.6880082494621269e-02
5.4070091117542163e-01 1.6753886947105575e-09 5.4664123312016696e-79 1.1023312862976745e-46 8.1747141529292937e-12 3.2627726022384640e-70 3.6425301040559745e-03
6.0518346511075738e-01 1.6681933511255364e-09 1.2690150192113022e-79 1.2385191117483877e-46 8.1740960473266171e-12 7.6071219103894222e-71 8.5122846625907654e-03
6.7735603708764824e-01 1.6610210068248129e-09 1.5400368575169384e-79 -2.9341790807497024e-47 8.1735090558846265e-12 9.2716278192101468e-71 -1.8345666592539029e-03
7.5813571822408177e-01 1.6538724761044085e-09 1.5787259339518890e-79 -1.3433833266206631e-46 8.1729579213072508e-12 9.5456327906881761e-71 -8.3137234188406725e-03
8.4854896948791847e-01 1.6467473397363824e-09 2.6904131639239642e-79 1.0084083551267956e-47 8.1724413604787820e-12 1.6337741066912281e-70 4.7908597848288995e-04
9.4974466485457099e-01 1.6396463428949606e-09 4.8786668164068985e-79 -1.0973022734275228e-45 8.1719640239896778e-12 2.9754384764418900e-70 -3.8797219948285666e-02
1.0630086899570057e+00 1.6325197333456911e-09 4.1972774301426288e-79 -2.4276193091494523e-47 8.1712989544282318e-12 2.5710423858342681e-70 -9.2740092641734973e-04
1.1897802817319751e+00 1.6254005156140454e-09 1.7088590760366934e-79 -1.4176467564395253e-46 8.1705935056731401e-12 1.0513464586856729e-70 -8.5061827159863650e-03
1.3316703166890100e+00 1.6183049190226076e-09 1.6337928603021639e-78 4.3424533283250951e-46 8.1699235567968110e-12 1.0095704716073597e-69 8.4451328419185533e-03
1.4904817801898129e+00 1.6112325001130241e-09 1.3777512478142084e-78 -6.5408724642006073e-47 8.1692871339487781e-12 8.5509152013602158e-70 -1.3882611427455339e-03
1.6682326768394833e+00 1.6041830912958748e-09 1.7656801558380658e-78 -9.0188654457271201e-46 8.1686835238151489e-12 1.1006724640213806e-69 -1.6946067126924810e-02
1.8671816731101660e+00 1.5971566544098817e-09 3.5297205491134936e-78 -1.6802505891617885e-46 8.1681128778104233e-12 2.2100027191244158e-69 -2.2378456925590488e-03
2.0898567980358105e+00 1.5901535445570991e-09 6.3155945801833087e-76 2.0668348973790681e-45 8.1675773770931667e-12 3.9716885214014811e-67 2.0624296009819900e-03
2.3390875666755817e+00 1.5831746015938381e-09 2.1922776201779559e-77 -1.5900216964051527e-45 8.1670824885638712e-12 1.3847352136466264e-68 -8.5347512575102268e-03
2.6180409345360940e+00 1.5761678614763881e-09 8.2165599041669602e-78 3.6642729627674068e-46 8.1663818687325257e-12 5.2129979965906371e-69 3.2198939734533459e-03
2.9302615398225784e+00 1.5691724455272289e-09 1.3389193927590222e-77 -4.8445760697193411e-46 8.1656578702940767e-12 8.5326465970995070e-69 -3.3422830538470832e-03
3.2797167448739115e+00 1.5622005574929116e-09 1.8577152453097732e-77 -6.7304186402557251e-46 8.1649694547713282e-12 1.1891656525146277e-68 -3.9507915107864526e-03
3.6708470491195930e+00 1.5552490910335045e-09 2.7552957872653853e-77 -1.7123146890815046e-45 8.1643006917474600e-12 1.7716106076836976e-68 -8.2717898067683447e-03
4.1086225141519188e+00 1.5483250655830902e-09 2.5402408801098844e-77 -4.9014605550394554e-47 8.1636887099523633e-12 1.6406379619987902e-68 -2.4714793677022934e-04
4.5986059179024394e+00 1.5414217718714658e-09 1.9968936790601065e-77 1.8203975712749593e-45 8.1630986702284218e-12 1.2954881755923590e-68 1.0375953859329840e-02
5.1470234404175708e+00 1.5345418105296873e-09 7.1205220076950371e-76 1.1036043565466383e-44 8.1625446613339523e-12 4.6401616162137691e-67 1.0557671059575653e-02
5.7608437794321139e+00 1.5276853911970315e-09 6.2254184403502573e-77 -2.1253015229805584e-45 8.1620296555790662e-12 4.0750657669589121e-68 -6.8915881686320776e-03
6.4478667010557036e+00 1.5207992592019669e-09 7.8550645847496059e-75 -3.4239209370504924e-42 8.1612915749263785e-12 5.1650896968949850e-66 -9.9063325162103244e-01
7.2168221507789925e+00 1.5139252111968081e-09 1.3058313967312296e-76 -7.4268656579026774e-46 8.1605317924136285e-12 8.6254683327383558e-68 -1.6703589343720511e-03
8.0774811841948875e+00 1.5070798044394209e-09 1.6739172207909694e-76 5.7871376861177441e-45 8.1598366229705812e-12 1.1107024431354556e-67 1.1522022033796615e-02
9.0407801270230479e+00 1.5002543987034329e-09 2.1823707590040238e-76 -1.7175600199601939e-46 8.1591595828387539e-12 1.4546671290483117e-67 -3.0016855943814513e-04
1.0118959542128845e+01 1.4934515572111217e-09 4.3300452674675676e-76 -2.5138810619058909e-45 8.1585149172069381e-12 2.8993543490312564e-67 -3.1261005146332511e-03
1.1325719769379715e+01 1.4866712654243591e-09 5.7074816437583326e-76 -1.3747849013346384e-46 8.1579029380240794e-12 3.8391013376647025e-67 -1.4924679664075544e-04
1.2676395014771714e+01 1.4799143513106152e-09 7.3980029137647302e-76 1.3331836387194067e-44 8.1573286906328856e-12 4.9989399097407520e-67 1.2741320355619251e-02
1.4188148200962377e+01 1.4731807066303248e-09 1.3723669380970471e-75 -3.1354155580862445e-47 8.1567938579877744e-12 9.3156727611246428e-67 -2.2051187107164143e-05
1.5880189055160775e+01 1.4664150220111806e-09 2.1731631705572252e-75 4.4038113866326894e-45 8.1560153547647392e-12 1.4819564297539336e-66 2.4669144647077013e-03
1.7774018205599390e+01 1.4596681297695927e-09 3.4676896862587846e-75 1.0755529917774143e-44 8.1552506118651780e-12 2.3756699317715160e-66 4.7806245388787565e-03
1.9893700388303142e+01 1.4529434563371055e-09 3.6503321670665559e-75 -1.1424132206342744e-44 8.1545167699011501e-12 2.5123704237390650e-66 -4.9605824327067496e-03
2.2266170235771153e+01 1.4462418797743231e-09 2.8180991083891412e-75 -3.0615816084037134e-45 8.1538191797188287e-12 1.9485669360016652e-66 -1.5165168575887247e-03
2.4921574533204812e+01 1.4395622151815361e-09 7.4802365867810785e-75 -2.0021484197292391e-45 8.1531514977388460e-12 5.1961884716721206e-66 -6.1013140830843782e-04
2.7893655291303450e+01 1.4329050352091397e-09 1.4849892806917378e-74 -1.1650732587332263e-44 8.1525173506852268e-12 1.0363487071388484e-65 -2.5257064336092270e-03
3.1220178503304531e+01 1.4262709839607684e-09 1.3753291997772092e-74 3.3990421216406425e-45 8.1519209647889905e-12 9.6428323596537501e-66 7.6745371224218502e-04
3.4943414034448310e+01 1.4196599667837414e-09 2.5803009335278778e-74 8.5670318245651897e-46 8.1513645352224070e-12 1.8175485636702035e-65 1.4154777028136837e-04
3.9110672741785862e+01 1.4130148223709290e-09 3.7900620177553264e-74 -1.9388761217076620e-43 8.1505438283396322e-12 2.6822521305161520e-65 -2.6494366829475889e-02
4.3774907649467139e+01 1.4063918031495819e-09 4.1045054882810812e-74 -4.1371558213239739e-44 8.1497550218535541e-12 2.9184651667402611e-65 -5.4452559066617825e-03
4.8995386818597630e+01 1.3997912841417989e-09 4.3974833650913369e-74 -5.2144099942613116e-44 8.1490000188395862e-12 3.1415278941298736e-65 -6.6461697645872394e-03
5.4838446461764867e+01 1.3932131696177407e-09 3.4800097381283597e-74 5.6256645922858350e-44 8.1482785585492417e-12 2.4978300622030287e-65 8.0793201987564896e-03
6.1378333872003779e+01 1.3866565817423465e-09 1.6138657797844617e-73 -1.3261226511944347e-44 8.1475858950754267e-12 1.1638539787238631e-64 -8.8647303173556571e-04
6.8698150877228827e+01 1.3801226397659347e-09 1.4252314422262903e-73 -5.5903036171527495e-44 8.1469289740389915e-12 1.0326846333511389e-64 -3.9859684623625626e-03
7.6890909808536875e+01 1.3736116616282526e-09 2.5406147372932191e-73 -3.8581411477556555e-45 8.1463102568623760e-12 1.8495873384487895e-64 -2.0652694500738624e-04
8.6060715400481655e+01 1.3671210720264783e-09 1.8893938196769467e-73 1.6052394223411806e-44 8.1457184689074643e-12 1.3820237712204272e-64 9.9879206399647790e-04
9.6324087641636851e+01 1.3605989412655519e-09 6.2231239656080727e-73 -3.3489315820364425e-44 8.1448666167256682e-12 4.5738121476264534e-64 -1.1508983955007841e-03
1.0781144238480067e+02 1.3540997212510446e-09 8.4261481171265861e-73 -1.3791763210202389e-44 8.1440519819248452e-12 6.2226939307998074e-64 -4.0830051087969353e-04
1.2066874853083897e+02 1.3476229575261419e-09 1.2885012744641224e-72 7.2303675402975227e-44 8.1432721790969011e-12 9.5612891370554387e-64 1.7351369076420487e-03
1.3505938284387236e+02 1.3411682318644103e-09 1.4967050817365331e-72 -1.1394490406978697e-43 8.1425250106115923e-12 1.1159711706382316e-63 -2.5432272109114809e-03
1.5116620596679047e+02 1.3347352849807975e-09 2.1206069147142938e-72 5.1814144702232171e-43 8.1418092461526921e-12 1.5887846366066531e-63 9.7391415111431866e-03
1.6919388601686418e+02 1.3283244950724355e-09 2.5339244154990777e-72 1.2249324057541384e-43 8.1411275982469849e-12 1.9076094921827812e-63 2.1113644523695629e-03
1.8937149928719197e+02 1.3219363567238321e-09 3.8797060411380845e-72 4.8420400211098231e-44 8.1404837131302322e-12 2.9348659800485390e-63 6.7611985659708849e-04
2.1195544110089511e+02 1.3155651496540836e-09 5.8089202589344892e-72 1.8567865337854659e-43 8.1398482949634589e-12 4.4155321843710245e-63 2.1240174983502627e-03
2.3723268380604412e+02 1.3091676574541569e-09 8.2611503228436695e-72 3.0907541629619625e-43 8.1389728336496560e-12 6.3102309897484997e-63 2.9719846816391167e-03
2.6552442331040947e+02 1.3027925007073099e-09 1.2861049487081049e-71 1.5654402090228948e-43 8.1381325654127562e-12 9.8719093639996773e-63 1.2093740764065454e-03
2.9719016049224962e+02 1.2964392557248913e-09 1.5686395292061083e-71 -9.3227751003496201e-44 8.1373250370891428e-12 1.2099599131075515e-62 -6.5374374066348923e-04
3.3263226934931356e+02 1.2901081020103103e-09 1.8231488981177625e-71 -3.9408726112142382e-43 8.1365517125720486e-12 1.4131752953700869e-62 -2.5696162825007340e-03
3.7230110993314514e+02 1.2837984711167584e-09 3.5496432693426265e-71 3.1924243509893566e-45 8.1358094054479681e-12 2.7649536505950512e-62 1.4954773265125028e-05
4.1670075103835717e+02 1.2775109849702378e-09 4.1545743521408578e-71 -2.9332967372930117e-43 8.1351025332404748e-12 3.2520850317679630e-62 -1.2732403981200360e-03
4.6639537536461120e+02 1.2712455803043916e-09 5.7263104609536009e-71 5.0000961126828167e-43 8.1344312246283196e-12 4.5044879995433086e-62 1.8532165899270822e-03
5.2201644854120730e+02 1.2649941909933668e-09 1.0280200767487992e-70 -4.1970447074484087e-43 8.1337518727604897e-12 8.1266782414354165e-62 -1.1638540753441656e-03
5.8427074311048364e+02 1.2587205053170667e-09 1.0568776623168181e-70 9.4369962981348183e-43 8.1328462167684328e-12 8.3964443087434633e-62 2.5873594748707157e-03
6.5394931943017116e+02 1.2524695055443027e-09 1.6106805346743234e-66 -5.2116199647896659e-40 8.1319793451101645e-12 1.2860037929421269e-57 -1.1603378355484745e-02
7.3193757761428094e+02 1.2462399592391825e-09 2.1686550604164747e-70 1.4941291881435772e-41 8.1311435628086362e-12 1.7401585018509740e-61 2.8740351394530732e-02
8.1922650824177242e+02 1.2400323260687170e-09 2.3038927222497417e-70 1.7842449854012091e-43 8.1303421434723905e-12 1.8579295666862079e-61 3.3381577415372789e-04
9.1692528479482030e+02 1.2338460725219700e-09 5.1681872267085613e-70 2.8915150589600629e-41 8.1295721093289224e-12 4.1886806967297263e-61 3.6209776796518184e-02
1.0262753578378315e+03 1.2276815993074314e-09 6.1739419541956223e-70 -3.3633171961827563e-43 8.1288364421394084e-12 5.0289439523069428e-61 -3.8631687869149749e-04
1.1486662300307864e+03 1.2215392253937577e-09 1.1551697943501322e-69 -1.0740427680578896e-42 8.1281379280192033e-12 9.4566737632004280e-61 -9.0415930127025123e-04
1.2856531124287496e+03 1.2154073902371471e-09 9.5689153465622065e-70 2.4920146565364498e-42 8.1274096846595779e-12 7.8730106657448782e-61 2.3107784016396242e-03
1.4389766864247708e+03 1.2092580295436638e-09 2.2227148078756462e-67 2.1646610490937907e-40 8.1264754447884533e-12 1.8380814959024330e-58 1.3203483930308922e-02
1.6105852224495459e+03 1.2031308012065321e-09 2.6818464339340377e-69 3.6002077281836311e-43 8.1255777888316272e-12 2.2290564178430223e-60 2.0042605772725895e-04
1.8026593364884729e+03 1.1970253619792932e-09 3.4727996102938628e-69 2.0108962958457348e-42 8.1247147743271180e-12 2.9011913369584371e-60 9.8627525255128262e-04
2.0176396989950979e+03 1.1909411435929778e-09 4.9077855021421387e-69 -9.0062540210511466e-42 8.1238828814750309e-12 4.1209303486952571e-60 -3.7252571402747337e-03
2.2582580482960093e+03 1.1848781841927526e-09 6.2202511900730824e-69 1.4801703265150401e-42 8.1230827095902909e-12 5.2496967815395182e-60 5.4521887249250401e-04
2.5275719025719272e+03 1.1788369187523271e-09 5.7363270709655911e-69 1.2659769494910089e-42 8.1223177252816982e-12 4.8660904487423763e-60 4.8683521040085253e-04
2.8290034114974951e+03 1.1728175794164620e-09 1.2590861205816830e-68 9.0327289034048274e-42 8.1215902202373118e-12 1.0735566576416292e-59 2.3505853457213462e-03
3.1663828412243161e+03 1.1668055628322152e-09 1.9612994838176490e-68 6.1680342174243566e-42 8.1208113629983032e-12 1.6809137240115136e-59 1.2893640937748239e-03
3.5439972452676097e+03 1.1607803697607136e-09 2.7448253594283069e-68 -3.5685708517852936e-42 8.1198457380144566e-12 2.3646379891780327e-59 -6.3221083927100016e-04
3.9666449397533852e+03 1.1547771156105934e-09 3.7223762777231435e-68 -9.9119259306823341e-43 8.1189168025578219e-12 3.2234586461777268e-59 -1.5118156184343168e-04
4.4396964752389540e+03 1.1487953703441283e-09 5.3858510621777122e-68 3.3207748421535086e-42 8.1180219934461904e-12 4.6882597207580575e-59 4.2217345445484493e-04
4.9691628798706197e+03 1.1428346383401282e-09 7.5802186650638713e-68 1.5552492127745873e-41 8.1171580827180122e-12 6.6328219418283522e-59 1.6709652789836263e-03
5.5617720410391485e+03 1.1368951942482846e-09 1.0462660616525826e-67 -1.1190787051701168e-41 8.1163273854835794e-12 9.2028365230655583e-59 -1.0260755693964488e-03
6.2250541961084400e+03 1.1309768889076730e-09 1.2563541512104742e-67 1.0576430721380983e-40 8.1155294149550033e-12 1.1108574927856341e-58 8.8727087171474907e-03
6.9674376185412557e+03 1.1250803207067762e-09 2.3395358595126638e-67 -4.5127559857358189e-42 8.1147691389693754e-12 2.0794389666712559e-58 -2.7815395128287127e-04
7.7983557152982867e+03 1.1191884232804520e-09 2.9416096793465036e-67 1.0523735971097707e-42 8.1139380432051460e-12 2.6283417681576393e-58 5.7999709189240690e-05
8.7283668963882192e+03 1.1132875998968475e-09 4.0734303991023866e-67 -2.1120724128660825e-41 8.1129405253538300e-12 3.6589201204431029e-58 -9.9180197331622997e-04
9.7692887397419727e+03 1.1074082200419688e-09 5.4555048723315531e-67 -2.1647112425379847e-41 8.1119776568300329e-12 4.9263720221661340e-58 -8.8070127943398670e-04
1.0934348156233142e+04 1.1015498987744872e-09 8.1826001331979226e-67 -9.4486830840168342e-41 8.1110469502608851e-12 7.4282609823679810e-58 -3.1471941180829122e-03
1.2238349462980143e+04 1.0957128844914161e-09 1.0907708949426536e-66 2.1451732651219507e-41 8.1101506262554587e-12 9.9548970390080203e-58 6.2050776549652442e-04
1.3697862500623378e+04 1.0898967730222874e-09 1.5361528835094122e-66 -1.3044708561826183e-41 8.1092860728022496e-12 1.4094480519009659e-57 -3.1880452514949876e-04
1.5331433184969232e+04 1.0841017008250255e-09 2.2244785312096462e-66 -4.7764685273437299e-41 8.1084548864761881e-12 2.0519094560194571e-57 -9.7265270350891341e-04
1.7159819168463673e+04 1.0783279972922573e-09 3.1434190182796934e-66 -1.0676742662251006e-40 8.1076601963402233e-12 2.9150861576190148e-57 -1.8338431880527001e-03
1.9206253606026658e+04 1.0725561700145517e-09 4.5708733479941185e-66 -6.8553377261698392e-42 8.1067726442903516e-12 4.2616633755713737e-57 -9.7908238783605612e-05
2.1496740376899790e+04 1.0667794894725614e-09 5.2239603390582660e-66 -1.4219272114545714e-40 8.1057394675825618e-12 4.8969448612487888e-57 -1.9047592939643258e-03
2.4060384513866360e+04 1.0610243120509888e-09 8.4499215734505486e-66 4.9187008310852023e-41 8.1047428968778852e-12 7.9639283261253646e-57 5.1947111244433583e-04
2.6929762038582638e+04 1.0552898721840718e-09 1.5650443105154374e-65 -1.6288335366109073e-39 8.1037774656160853e-12 1.4830468402737123e-56 -1.2674402605317615e-02
3.0141333902487419e+04 1.0495761620858235e-09 1.8013656105742191e-65 -4.7492694936681907e-40 8.1028433837170334e-12 1.7162790806856397e-56 -3.4539727032451271e-03
3.3735909293205681e+04 1.0438831290188172e-09 9.6148402991138399e-66 2.1189752421700483e-39 8.1019407538790915e-12 9.2106482343010655e-57 2.1150902614667018e-02
3.7759164193641693e+04 1.0382113532831265e-09 3.0899863008689658e-65 1.2607952423230439e-40 8.1010744942137857e-12 2.9762594014191136e-56 7.0392015029447036e-04
4.2262221783052446e+04 1.0325608167608682e-09 5.1467380390868894e-65 4.1900083324098799e-40 8.1002453474166965e-12 4.9844405826207405e-56 1.8175695336240560e-03
4.7302302055209904e+04 1.0269091155980545e-09 6.3750980096745871e-65 -9.0556284332002349e-41 8.0992973983916779e-12 6.2080450088923770e-56 -3.5392330184717965e-04
5.2943448908300816e+04 1.0212567562736447e-09 9.9387565236035179e-65 1.3452495599845455e-39 8.0982276952650318e-12 9.7318881491349848e-56 4.2224971154258871e-03
5.9257343945634326e+04 1.0156252906582656e-09 1.4548434416503868e-64 1.0500430173947145e-39 8.0971913480938840e-12 1.4324608249046724e-55 2.7316949985367947e-03
6.6324217328060666e+04 1.0100147500609491e-09 1.9314648942925979e-64 4.0002023256878414e-40 8.0961889341095408e-12 1.9123135520308434e-55 9.0567981867803883e-04
7.4233867252227486e+04 1.0044244482012353e-09 2.5675132928848040e-64 1.5618929359564502e-40 8.0952153642113980e-12 2.5562035028944315e-55 3.0756454694805951e-04
8.3086801009106843e+04 9.9885502901533949e-10 3.0225401886743883e-64 -1.0076248959147962e-39 8.0942761686557205e-12 3.0260048764573733e-55 -1.8338407414554567e-03
9.2995512122127417e+04 9.9330636184904943e-10 5.1156740598397757e-64 -7.9765833507524566e-40 8.0933709295112843e-12 5.1501472821707283e-55 -1.1189839727496662e-03
1.0408590979340854e+05 9.8777869517291668e-10 7.5156878599993003e-64 -7.7170142493496235e-40 8.0925024799653220e-12 7.6086758063592716e-55 -8.9564335341352946e-04
1.1649891882195161e+05 9.8224757118873518e-10 9.0758965253989938e-64 -1.3028045580179033e-39 8.0914930860891829e-12 9.2399276838273749e-55 -1.3798250326452430e-03
1.3039227032382767e+05 9.7671968405517410e-10 1.4195405856513490e-63 -7.6796305195373724e-40 8.0903856687850529e-12 1.4533756294924432e-54 -6.5220098269087943e-04
1.4594250600889249e+05 9.7121159557103770e-10 1.7277774643163863e-63 -1.6179945303005310e-39 8.0893040530354525e-12 1.7789917997226083e-54 -1.2490396272576544e-03
1.6334722148221877e+05 9.6572459788722941e-10 2.7062262086960778e-63 -1.1091823975877715e-39 8.0882591647014338e-12 2.8022753221950053e-54 -6.8611082955322546e-04
1.8282757707569684e+05 9.6025825322525973e-10 4.0532658665000486e-63 -6.5862814306754482e-40 8.0872478385494832e-12 4.2210164327004470e-54 -3.3384410671944131e-04
2.0463110811473662e+05 9.5481186860486683e-10 5.7724019629076681e-63 7.9819073927707110e-41 8.0862647275570877e-12 6.0455909197505809e-54 3.3999262571127605e-05
2.2903487032991639e+05 9.4938622474061870e-10 9.5763228520789630e-63 -7.2934905023435969e-39 8.0853169525525719e-12 1.0086856752840821e-53 -2.4188813671932397e-03
2.5634896038205983e+05 9.4398162581244561e-10 1.1601584392687709e-62 1.3627048605806114e-40 8.0844078979182896e-12 1.2290053191133576e-53 4.1177633389731081e-05
2.8692045623578358e+05 9.3857138387244039e-10 1.5444015554545315e-62 -1.3843119000014044e-39 8.0833348487056114e-12 1.6454811876774931e-53 -3.6359690907460427e-04
3.2113782745151769e+05 9.3316711246877156e-10 2.1753899336297909e-62 3.3853701175336828e-39 8.0821798054544040e-12 2.3311900993538176e-53 7.5137698243796464e-04
3.5943587143724487e+05 9.2778345900363064e-10 2.9382705424236583e-62 3.1931901735792701e-39 8.0810587345780495e-12 3.1669787965169578e-53 6.1158324773080491e-04
4.0230123838449427e+05 9.2241998798540809e-10 4.8958814967091882e-62 -5.0784825163090384e-39 8.0799681870678281e-12 5.3076489673667362e-53 -7.5570824481907453e-04
4.5027861509352905e+05 9.1707688932359684e-10 6.0628430889572771e-62 5.8547400509121735e-39 8.0789102432528353e-12 6.6110520933844634e-53 7.8517520829745908e-04
5.0397764626508334e+05 9.1175412727873147e-10 8.7423446937740627e-62 3.6181704982257472e-39 8.0778850584622144e-12 9.5884893001437977e-53 4.0526229196612905e-04
5.6408068120698014e+05 9.0645165634454552e-10 1.2195443779873971e-61 7.6063265511232004e-39 8.0768928289066253e-12 1.3454047653301921e-52 7.2344220030733162e-04
6.3135144439237705e+05 9.0117012431454121e-10 1.9003848325879014e-61 2.8141329381117394e-39 8.0759402729588456e-12 2.1087969755248986e-52 2.1504058799373359e-04
7.0664474004576111e+05 8.9587932612203194e-10 2.5315100240198713e-61 2.1574500939094246e-38 8.0747853302935487e-12 2.8257265796923215e-52 1.4326040526453057e-03
7.9091731407206762e+05 8.9060045128891505e-10 3.1338323712363944e-61 3.8717889926696779e-39 8.0735952835009816e-12 3.5187859681644878e-52 2.3175672450706023e-04
8.8524001135063160e+05 8.8534071344763733e-10 3.7616848422702251e-61 8.2245383778917894e-39 8.0724273696709267e-12 4.2488555932570997e-52 4.5067670435398443e-04
9.9081138287568325e+05 8.8010108886092834e-10 6.1647932178303636e-61 1.3957245893416643e-38 8.0712907044334114e-12 7.0046421892389118e-52 5.9920329615585795e-04
1.1089729156482816e+06 8.7488144448376765e-10 8.3209082636529225e-61 -3.2490226988364207e-38 8.0701845312625166e-12 9.5108980949558894e-52 -1.2041837871735893e-03
1.2412260788446662e+06 8.6968211717931708e-10 1.4157557762641558e-60 2.2683841041568676e-38 8.0691124219772736e-12 1.6279002963243011e-51 6.4646073874108291e-04
1.3892514028653977e+06 8.6450260430070563e-10 1.9579842821937187e-60 2.2690867513958107e-38 8.0680704335247499e-12 2.2648679974510060e-51 5.5152264205578488e-04
1.5549298337011568e+06 8.5934395095148070e-10 2.5232818224756431e-60 -5.0222497023527996e-39 8.0670700218568141e-12 2.9362885718597555e-51 -1.0785292059185998e-04
1.7403666339634887e+06 8.5417570029955169e-10 3.4762491462817368e-60 2.2538396104911000e-39 8.0658549418592980e-12 4.0697120569721754e-51 4.1361278387565657e-05
1.9479181342889704e+06 8.4901942817471056e-10 4.7727354296622038e-60 1.4798966170458133e-38 8.0646011330232368e-12 5.6214678619581297e-51 2.3248175903967024e-04
2.1802216750447140e+06 8.4388365585446820e-10 6.9459982234941328e-60 3.7486782316232133e-39 8.0633832492367714e-12 8.2309903448254523e-51 4.8963171706522595e-05
2.4402291188021889e+06 8.3876769812270376e-10 9.7880300923666655e-60 -1.6606082143203856e-38 8.0621953289159851e-12 1.1669536290290913e-50 -1.8327308294887701e-04
2.7312443594195452e+06 8.3367170403414248e-10 1.3891699037862605e-59 -9.7043632719272363e-38 8.0610391590089449e-12 1.6663272809477146e-50 -9.0176179585974741e-04
3.0569653043574775e+06 8.2859561600361516e-10 2.2530674053952156e-59 -1.0553702578418257e-37 8.0599146736459530e-12 2.7191399059796441e-50 -7.7240743025597757e-04
3.4215308636944555e+06 8.2353963399979487e-10 3.0622352878171917e-59 -9.1380672193824939e-38 8.0588244938966858e-12 3.7183824085605024e-50 -5.7543042056945766e-04
3.8295735429271790e+06 8.1850369113388793e-10 3.5056614840990851e-59 1.9982951289024733e-37 8.0577708580862349e-12 4.2830124311872425e-50 1.1796802810380212e-03
4.2862783078485401e+06 8.1345642924441965e-10 5.2569578475484746e-59 2.3909313919808805e-38 8.0564753283369219e-12 6.4624946814071022e-50 1.1561993445304400e-04
4.7974484694946036e+06 8.0842464782556460e-10 7.6930900353798642e-59 -2.5920106898847709e-37 8.0551713179928410e-12 9.5161497810242631e-50 -1.0393614568881269e-03
5.3695794263551813e+06 8.0341252888488921e-10 1.1145528509958885e-58 -4.4811371379957192e-37 8.0538967099543686e-12 1.3872734254503748e-49 -1.4975061043382342e-03
6.0099412008846933e+06 7.9842039624854509e-10 1.2820379450393988e-58 3.0035073468184368e-38 8.0526551128985522e-12 1.6057179288795442e-49 9.3877701438801082e-05
6.7266708190978095e+06 7.9344793379498840e-10 2.2587151226128224e-58 3.5410880811407170e-40 8.0514438299533042e-12 2.8467086829624672e-49 8.3646309205919342e-07
7.5288757071103184e+06 7.8849528139202325e-10 3.2164631216773358e-58 2.2582366708190746e-38 8.0502647831600988e-12 4.0792420672434920e-49 4.4841550194788248e-05
8.4267494184765536e+06 7.8356243755785868e-10 4.4980959699789423e-58 -2.2691691947290641e-37 8.0491186529169627e-12 5.7405712096131467e-49 -3.8222203134609796e-04
9.4317011628618781e+06 7.7864926954586466e-10 5.4350625458905911e-58 -4.9385380942477608e-37 8.0480080716136747e-12 6.9801164124388228e-49 -7.5914580194902934e-04
1.0556500781960163e+07 7.7372349747590786e-10 8.1932742452817488e-58 -4.4799267781095687e-38 8.0466303618669049e-12 1.0589408583312245e-48 -5.6266419097737484e-05
1.1815441014854170e+07 7.6881561403998229e-10 1.2357514172094563e-57 4.5708942307892684e-37 8.0452662472445466e-12 1.6073443289162844e-48 4.6894781416416468e-04
1.3224519114711357e+07 7.6392749046791421e-10 1.7132878575955562e-57 3.3477003865902240e-37 8.0439339263508916e-12 2.2427362268978539e-48 2.9262090195673630e-04
1.4801640124604741e+07 7.5905911564227281e-10 2.2025451180010093e-57 -5.3588578416659284e-38 8.0426337578494680e-12 2.9016779755517994e-48 -4.1444989080189114e-05
1.6566844395467531e+07 7.5421031993125561e-10 3.2508363995854499e-57 1.1446283550188344e-36 8.0413643358360229e-12 4.3102518139525797e-48 7.3100560663856323e-04
1.8542562237234708e+07 7.4938081127488844e-10 4.3142563120421194e-57 4.4619093102446041e-37 8.0401232043135681e-12 5.7570947202430582e-48 2.4815125910172407e-04
2.0753898939003162e+07 7.4457131710018532e-10 5.9690625217553494e-57 -1.3702567997136812e-36 8.0389187424371199e-12 8.0167774189885775e-48 -6.4997365044063395e-04
2.3228953779938322e+07 7.3978044701465207e-10 8.4365552414074440e-57 -2.6664651670836029e-37 8.0377419559857398e-12 1.1404133855460429e-47 -1.0673378563292136e-04
2.5999177084574733e+07 7.3497699756650397e-10 1.1805490666245890e-56 -1.6781167233847079e-37 8.0362831682593516e-12 1.6062394748861073e-47 -5.6969613186830646e-05
2.9099769859582148e+07 7.3019314025511084e-10 1.6618484222573245e-56 -2.5715918704748457e-36 8.0348555622762846e-12 2.2759025395345634e-47 -7.3822281873313583e-04
3.2570131090151001e+07 7.2542893946374561e-10 2.1312277944632800e-56 1.2725135331645527e-36 8.0334601400318315e-12 2.9378863711154596e-47 3.2363094071913219e-04
3.6454358379755549e+07 7.2068416120810851e-10 3.2359910493043421e-56 -6.9532027034111275e-36 8.0320948413648640e-12 4.4901653504910318e-47 -1.4398218031023763e-03
4.0801808294886194e+07 7.1595880916163689e-10 4.5778581299493026e-56 -3.5386945622318230e-37 8.0307601400798795e-12 6.3940244485710244e-47 -6.1811302526643637e-05
4.5667723535004303e+07 7.1125285760405566e-10 6.4643872195654973e-56 -4.6959154036318753e-38 8.0294561950843256e-12 9.0887328612521793e-47 -6.9253953486065309e-06
5.1113934897120260e+07 7.0656642251129071e-10 8.7132084506413836e-56 1.9344254430293569e-36 8.0281853183979699e-12 1.2331761279672400e-46 2.4653946329460710e-04
5.7209646954800665e+07 7.0189589587824303e-10 1.1155197517094740e-55 -7.6010739017375039e-36 8.0269158716643339e-12 1.5892951622315537e-46 -8.5901346468998066e-04
6.4032317435168341e+07 6.9721667302172454e-10 1.7470297985708303e-55 3.5746021578287327e-37 8.0253889964332758e-12 2.5057200525616156e-46 3.2388711775597252e-05
7.1668641468064621e+07 6.9255689807462885e-10 2.1831135890904454e-55 9.0126857636625797e-36 8.0238932937468203e-12 3.1522515986191165e-46 7.3297360070143352e-04
8.0215653214152768e+07 6.8791679845567288e-10 3.4857476302399529e-55 -1.1988388411063696e-36 8.0224316212020510e-12 5.0671064263370551e-46 -7.7418522264260074e-05
8.9781958870260060e+07 6.8329566077753376e-10 5.1060728775696191e-55 1.2720698612840431e-36 8.0209961658531265e-12 7.4727137470174067e-46 6.8102511343877945e-05
1.0048911671966355e+08 6.7869389941601624e-10 6.7552038507448938e-55 1.5513037869756074e-35 8.0195922761770036e-12 9.9532408594764512e-46 7.2450377109358681e-04
1.1247318176350428e+08 6.7411134383310288e-10 9.8710063403076723e-55 -3.9403761183338496e-36 8.0182183974668798e-12 1.4642990999349722e-45 -1.5275349127772365e-04
1.2588643456083737e+08 6.6954793899349465e-10 1.3050097509837050e-54 6.8403201595663774e-36 8.0168746333709351e-12 1.9490908342507562e-45 2.3140818290295719e-04
1.4089931624555570e+08 6.6499811340965207e-10 1.8800245397671540e-54 2.1470438315522042e-36 8.0155080177733423e-12 2.8271125915345591e-45 6.0722402318273462e-05
1.5770259430829355e+08 6.6044314192043821e-10 2.6285283833111227e-54 3.1942286488447937e-35 8.0139079294610559e-12 3.9799465184359115e-45 7.6664083408337276e-04
1.7650978666371265e+08 6.5590749276445865e-10 3.6688771414170495e-54 4.3856286947952547e-35 8.0123388921292888e-12 5.5935893123492201e-45 8.9401329902055857e-04
1.9755987480563048e+08 6.5139126239429071e-10 5.2080771515860862e-54 1.3530075397229754e-35 8.0108025153801597e-12 7.9953131892543081e-45 2.3229536681305859e-04
2.2112034052579963e+08 6.4689400461209994e-10 7.2008596622176710e-54 4.4856103568489889e-36 8.0092937296911192e-12 1.1131436697323476e-44 6.5722308440389378e-05
2.4749056478371334e+08 6.4241576910171827e-10 9.9938164344180809e-54 2.5896989208609148e-36 8.0078138397793949e-12 1.5556617559983476e-44 3.2320308339893049e-05
2.7700563191659552e+08 6.3795652754910478e-10 1.4356427593043047e-53 5.6178438500453336e-35 8.0063628052866234e-12 2.2503770982949940e-44 5.8701733774950404e-04
3.1004058752934444e+08 6.3351673376884106e-10 2.0007987978460663e-53 1.5587654834788212e-35 8.0049471930140519e-12 3.1582414341972571e-44 1.3845225261621016e-04
3.4701520416915029e+08 6.2908733162138913e-10 2.8679703439265981e-53 3.6605422702163140e-35 8.0034704133579522e-12 4.5589383218619030e-44 2.7252266568475843e-04
3.8839931534176856e+08 6.2465671676964057e-10 4.0411847614024246e-53 2.2617644378674872e-35 8.0017919635813867e-12 6.4694489835970545e-44 1.4235486403153119e-04
4.3471878564842522e+08 6.2024522086369434e-10 5.4474730314674576e-53 -1.4757563334185710e-35 8.0001435862510695e-12 8.7827730843001516e-44 -8.0285182326321204e-05
4.8656219290539002e+08 6.1585260909469336e-10 7.6838077371093372e-53 -1.7869249721890576e-37 7.9985226723046458e-12 1.2476699170609304e-43 -8.2144725093840521e-07
5.4458830715534222e+08 6.1147918543300075e-10 1.0901079195439785e-52 -1.9337394074063272e-35 7.9969337044781737e-12 1.7827392093028498e-43 -7.4898369111434912e-05
6.0953446160578895e+08 6.0712456362561246e-10 1.5823743551282056e-52 2.4896050168167703e-35 7.9953718164600334e-12 2.6063421741308224e-43 8.0322446943723155e-05
6.8222592186336386e+08 6.0278883426901876e-10 2.1144471480823375e-52 -1.5043740033142099e-35 7.9938391900486014e-12 3.5077742450993717e-43 -4.2138085816688217e-05
7.6358637251805949e+08 5.9847239303114917e-10 2.9894276028958130e-52 -1.4453418974689050e-35 7.9923416787477663e-12 4.9950969129167829e-43 -3.4170750012987913e-05
8.5464965432971263e+08 5.9416392933473811e-10 4.1264406660092772e-52 1.0603842212435766e-34 7.9907506518526083e-12 6.9449531724847216e-43 2.1415208783216548e-04
9.5657290116007423e+08 5.8985756467842741e-10 5.9032809446817639e-52 -2.0413335369862494e-35 7.9889855732597232e-12 1.0007977006957697e-42 -3.4593433387459084e-05
1.0706512435805496e+09 5.8557000428892080e-10 7.5251600986616184e-52 4.8980300708092519e-34 7.9872478701486228e-12 1.2850999954821281e-42 7.3786033397074289e-04
1.1983342659931407e+09 5.8130141240246929e-10 1.1517950826263804e-51 -3.3199684093929418e-35 7.9855401382253380e-12 1.9814076794792382e-42 -4.0573797014269652e-05
1.3412444263838212e+09 5.7705160666690449e-10 1.6407433320306305e-51 -5.9531202739897165e-35 7.9838604441565523e-12 2.8433216597518775e-42 -6.1181061200496300e-05
1.5011976727668309e+09 5.7282069309527849e-10 2.2452298870241119e-51 6.7331062687719279e-35 7.9822105797694847e-12 3.9196033140699723e-42 5.9371184357283852e-05
1.6802265182913504e+09 5.6860826386074874e-10 3.2138588325828507e-51 2.1668712288363278e-35 7.9805856904155939e-12 5.6521493563271876e-42 1.6029247003589174e-05
1.8806058682239575e+09 5.6441523148957211e-10 4.4356587418441657e-51 1.3556059415963163e-34 7.9789992818478755e-12 7.8588572638938736e-42 8.5675182444305481e-05
2.1048819269885821e+09 5.6022770058974021e-10 6.3377633181718460e-51 -1.1406636228468332e-35 7.9772823968048286e-12 1.1312834605465265e-41 -6.0535104143496895e-06
2.3559045525830216e+09 5.5604554891993165e-10 8.9031669035468724e-51 7.7324973334917391e-34 7.9754222433222808e-12 1.6011578405475005e-41 3.4753002941478834e-04
2.6368634694973407e+09 5.5188234537974193e-10 1.2459742804505529e-50 2.9910627627231199e-34 7.9735928295370596e-12 2.2576809910330014e-41 1.1406377393663094e-04
2.9513288002887316e+09 5.4773757485769688e-10 1.7081165604908828e-50 6.1435604418938795e-35 7.9717873391700477e-12 3.1184944011457572e-41 2.0085151707271967e-05
3.3032964308440609e+09 5.4361159968883589e-10 2.4119543367337816e-50 2.9303358747224838e-34 7.9700112915349755e-12 4.4369074135180115e-41 8.0926079935138319e-05
3.6972387857834382e+09 5.3950417087126315e-10 3.6007041670057268e-50 1.6996660902736512e-33 7.9682617460493313e-12 6.6740988511559247e-41 3.8563148612388490e-04
4.1381616592031164e+09 5.3541563081121899e-10 4.6964044775572761e-50 2.4526841929569376e-33 7.9665442832982538e-12 8.7715117140709155e-41 4.8911768128029906e-04
4.6316678229020376e+09 5.3134573587782739e-10 6.7983911387558879e-50 7.1810814145370842e-34 7.9648565302183663e-12 1.2794665845062970e-40 1.1948081513843159e-04
5.1840282203565102e+09 5.2727948127177409e-10 9.4420575148405174e-50 4.4307226206028805e-34 7.9630057609227511e-12 1.7907121081341349e-40 6.2794384223677040e-05
5.8022616510987844e+09 5.2322146178223659e-10 1.3232511499020122e-49 9.9145765901835423e-35 7.9610401928538367e-12 2.5290460093029323e-40 1.1915444746329027e-05
6.4942239580432024e+09 5.1918214205329480e-10 1.9061155898768284e-49 3.3745811851396689e-33 7.9591031285447929e-12 3.6713812658085664e-40 3.3922307850313437e-04
7.2687078510559616e+09 5.1516147315371867e-10 2.5669836335876750e-49 -1.6829051027013987e-33 7.9571945111674764e-12 4.9828719097977158e-40 -1.4634449460144424e-04
8.1355546352179976e+09 5.1115934211393934e-10 3.5824613760297850e-49 -4.6901766325899345e-33 7.9553132536419953e-12 7.0085022044481014e-40 -3.4659340043361684e-04
9.1057792635044804e+09 5.0717560527752816e-10 5.0442067585824287e-49 -2.3772406844484798e-33 7.9534570683047261e-12 9.9456809556568127e-40 -1.4862693995320957e-04
1.0191710302913652e+10 5.0321043773504264e-10 7.0390316860270296e-49 -6.6445166910180724e-33 7.9516299253409960e-12 1.3988246582701686e-39 -3.5304666733268275e-04
1.1407146592584909e+10 4.9926390256110968e-10 1.0029238129488028e-48 -2.2145064992282057e-33 7.9498338024856261e-12 2.0088049782971148e-39 -9.8964151188418484e-05
1.2767532584547895e+10 4.9531914647250404e-10 1.3875628751868944e-48 -2.4792136137611346e-33 7.9478382720527741e-12 2.8013511794741822e-39 -9.4568185078264895e-05
1.4290154595142580e+10 4.9138543751841210e-10 1.9592167177619449e-48 3.3592136799201638e-33 7.9457597953410592e-12 3.9871281649215208e-39 1.0826429455333933e-04
1.5994360460863007e+10 4.8747028412900208e-10 2.7120172010496758e-48 -1.5083868188182506e-33 7.9437091810152867e-12 5.5634513309779084e-39 -4.1485128102699326e-05
1.7901805389773499e+10 4.8357364924208640e-10 3.8655321556663174e-48 -3.8322911660901545e-33 7.9416860085051676e-12 7.9936782364482321e-39 -8.8638528815440927e-05
2.0036727132510120e+10 4.7969517212654735e-10 5.3916257543923989e-48 2.3343212255862114e-33 7.9396854954478796e-12 1.1239691511779580e-38 4.5900569679022560e-05
2.2426253969446716e+10 4.7583518036448475e-10 7.4838573013065729e-48 6.6479989986381941e-34 7.9377130156872689e-12 1.5727835204563935e-38 1.1140377882115513e-05
2.5100749427589706e+10 4.7199355102607323e-10 1.0697203661690923e-47 -1.0657714313511009e-32 7.9357672822172695e-12 2.2663876738222642e-38 -1.4998951816616314e-04
2.8094198107495342e+10 4.6817042759427640e-10 1.4838224747291201e-47 -6.5015061703385413e-34 7.9338542801797046e-12 3.1694066674690165e-38 -7.8004744345576072e-06
3.1444637522880215e+10 4.6434699253864355e-10 2.0931473041672968e-47 7.0442725073241175e-34 7.9316935642005946e-12 4.5077223236093264e-38 7.1452089477396742e-06
3.5194641440273834e+10 4.6053795822156588e-10 2.9790149881596075e-47 -8.1093539886149352e-33 7.9294967705009936e-12 6.4685547303494942e-38 -6.9233645319633606e-05
3.9391860860477592e+10 4.5674667766176973e-10 4.1426251623776722e-47 1.8329706001531716e-32 7.9273156661248263e-12 9.0698528637035231e-38 1.3325391617448635e-04
4.4089629516031052e+10 4.5297390216195931e-10 5.7048387749551520e-47 1.1193143431262159e-32 7.9251633661137934e-12 1.2594188644703433e-37 6.9629582435152334e-05
4.9347641578699768e+10 4.4921945236377376e-10 8.0541761861309886e-47 1.7798431923104767e-32 7.9230374252478988e-12 1.7929268520653445e-37 9.3571135976214937e-05
5.5232710188558060e+10 4.4548314122146574e-10 1.1154905990946883e-46 2.4545304874626627e-32 7.9209348979859673e-12 2.5040018260536995e-37 1.1010824406448200e-04
6.1819616443230743e+10 4.4176513922745071e-10 1.5697677418756319e-46 1.2043942228145737e-32 7.9188600184680460e-12 3.5533988594500861e-37 4.5735690753750729e-05
6.9192059635339508e+10 4.3806520614112984e-10 2.2227851167435315e-46 1.9596839301740828e-32 7.9168140060674711e-12 5.0740964714449952e-37 6.2801195497977450e-05
7.7443720812743011e+10 4.3436367537625656e-10 3.1265834952604707e-46 3.6873116834741298e-32 7.9144790015664158e-12 7.1980777226644166e-37 1.0005713985354288e-04
8.6679453176139099e+10 4.3067878023964327e-10 4.4000491395971876e-46 6.0883965898561887e-32 7.9121419070255234e-12 1.0216545001703732e-36 1.3986125904823129e-04
9.7016614440331345e+10 4.2701190866159270e-10 6.1158253617674592e-46 4.0433131089839779e-32 7.9098261640665810e-12 1.4322376584148747e-36 7.9120649291910590e-05
1.0858655808934984e+11 4.2336308635642464e-10 8.5926136442272423e-46 -5.2913765872230292e-32 7.9075323168425173e-12 2.0296086081045848e-36 -8.7730283890109813e-05
1.2153630247470198e+11 4.1973251094399927e-10 1.2048165738379780e-45 1.5651546504222176e-33 7.9052648406793629e-12 2.8704390115702156e-36 2.2009515612352521e-06
1.3603039896584694e+11 4.1611990430141852e-10 1.6218171136063636e-45 6.9521588014325635e-32 7.9030185897937746e-12 3.8974754556119295e-36 8.4627107911877569e-05
1.5225302289132245e+11 4.1252554099384267e-10 2.3689416022824786e-45 -5.0459397981285139e-32 7.9008002701676438e-12 5.7425331691591851e-36 -5.1043384841672797e-05
1.7041031383996313e+11 4.0894842536080210e-10 3.2882153066658843e-45 -3.0243321962276063e-31 7.8986002218392351e-12 8.0406601486845122e-36 -2.6080451130250051e-04
1.9073299506022522e+11 4.0536951774621785e-10 4.7327285991564036e-45 1.3573514486177890e-31 7.8960834269548556e-12 1.1675097391312327e-35 9.7996590609768098e-05
2.1347930524210031e+11 4.0180889755663476e-10 6.4405181133844862e-45 -1.0834393924240266e-31 7.8935931594890536e-12 1.6028809099421943e-35 -6.7349510594912442e-05
2.3893827993557227e+11 3.9826617347149749e-10 9.1748685408747746e-45 -1.3365265289731924e-31 7.8911230508412525e-12 2.3037026873012574e-35 -6.9918314076101678e-05
2.6743342430229559e+11 3.9474179793543436e-10 1.3188569841012962e-44 -6.6299583325299610e-31 7.8886817944675492e-12 3.3410624134539056e-35 -2.9057308867696841e-04
2.9932682386989661e+11 3.9123481941946119e-10 1.7817713456403865e-44 1.1132806803766726e-32 7.8862508462591729e-12 4.5542248726335009e-35 4.2165760490312964e-06
3.3502374552391266e+11 3.8774583858918133e-10 2.5022221739100926e-44 -1.2088192782359082e-31 7.8838431550624583e-12 6.4532534585399112e-35 -3.8808322492648531e-05
3.7497778720177893e+11 3.8427524158983135e-10 3.5384597432193380e-44 -6.0959616537150269e-32 7.8814669630653273e-12 9.2081387512241235e-35 -1.6531562173359925e-05
4.1969664172567645e+11 3.8081871748273990e-10 4.9051451141525428e-44 1.9440793426793757e-31 7.8790514591107495e-12 1.2880525270858993e-34 4.4980979929140050e-05
4.6974854801472284e+11 3.7736476439994742e-10 6.9167355561952560e-44 2.0991440239800597e-31 7.8763768075492754e-12 1.8329044491458141e-34 4.1087619268960352e-05
5.2576951165163989e+11 3.7392900665366100e-10 9.6986858739386083e-44 1.6698938975543331e-30 7.8737292329297954e-12 2.5937238623805629e-34 2.7729232745082752e-04
5.8847138655496155e+11 3.7050996976382656e-10 1.3614369001485181e-43 9.4942303978337817e-31 7.8710764513064385e-12 3.6744946458966707e-34 1.3367834451601395e-04
6.5865092045003149e+11 3.6710913902904824e-10 1.9133291092225411e-43 1.0128047488189478e-30 7.8684516838276713e-12 5.2118808980975689e-34 1.2084628148603007e-04
7.3719987907884387e+11 3.6372661195296101e-10 2.6934413413482609e-43 1.7335425963333521e-30 7.8658565870193214e-12 7.4051258633134889e-34 1.7514317487155905e-04
8.2511637779619849e+11 3.6036144521678828e-10 3.7227462218446075e-43 2.5439490550777850e-30 7.8632719508480695e-12 1.0330589665620462e-33 2.1963802717950306e-04
9.2351756454194922e+11 3.5701440835474825e-10 5.2614821468524384e-43 1.9262431054742943e-30 7.8607154379440302e-12 1.4737450432600899e-33 1.4054460358242584e-04
1.0336538153508335e+12 3.5367935518274843e-10 7.3817964719396158e-43 2.0327339357727474e-30 7.8580759158477951e-12 2.0871437260242101e-33 1.2580405770915663e-04
1.1569246227810042e+12 3.5034967146367491e-10 1.0247817670556945e-42 1.8752796183340592e-30 7.8552102479510188e-12 2.9250256258965730e-33 9.8969068177085946e-05
1.2948963791544526e+12 3.4703722543896223e-10 1.4347288311854229e-42 2.5689262237770279e-30 7.8523501691285551e-12 4.1342217088401845e-33 1.1512739766642613e-04
1.4493222805793010e+12 3.4374361954944107e-10 2.0143831144811431e-42 4.4162383234054254e-30 7.8495330969664453e-12 5.8601323775012262e-33 1.6782789335413717e-04
1.6221646046729897e+12 3.4046690863807344e-10 2.7944663206140076e-42 -6.1419009878317949e-31 7.8467152542918763e-12 8.2077472133557908e-33 -1.9912047397832738e-05
1.8156196450675610e+12 3.3720851382907075e-10 4.0177133364919419e-42 1.9271147445977004e-30 7.8439290794383324e-12 1.1914626030256460e-32 5.2356286477754643e-05
2.0321456195376604e+12 3.3396704968071219e-10 5.6239026239141770e-42 1.5526085894841066e-30 7.8411435522997575e-12 1.6839693105325468e-32 3.5825418988248762e-05
2.2744939063778418e+12 3.3074351766512463e-10 7.8925332680361302e-42 8.4136655579802925e-31 7.8383822759459001e-12 2.3863002134564166e-32 1.6467639979415359e-05
2.5457440059472583e+12 3.2753024842735841e-10 1.0955047441296678e-41 -6.7169209054827256e-32 7.8354971173057629e-12 3.3447437279144473e-32 -1.1213402099117622e-06
2.8493426716350767e+12 3.2432497819437880e-10 1.5327290327151764e-41 -1.2191925921359984e-31 7.8324204275125022e-12 4.7259049896445555e-32 -1.7292167136159900e-06
3.1891477074811523e+12 3.2113763596501796e-10 2.1654819880846725e-41 -4.6331471463602136e-30 7.8293659991198195e-12 6.7431585263353004e-32 -5.5558844207482158e-05
3.5694769889842412e+12 3.1796776761131837e-10 3.0464335875095795e-41 -3.5533549050530670e-30 7.8263235691618967e-12 9.5809509573735136e-32 -3.6103655802498037e-05
3.9951633300017676e+12 3.1481522054449491e-10 4.2547235035339714e-41 4.2395596821051137e-31 7.8232881711638603e-12 1.3514986652091123e-31 3.6631712462098482e-06
4.4716158929303037e+12 3.1168061894062330e-10 5.9218650307850261e-41 5.6112971363116069e-30 7.8202781900927472e-12 1.8999785905562421e-31 4.1302763956646965e-05
5.0048889225006650e+12 3.0856205521115240e-10 8.2972498414891599e-41 1.9970108745921565e-29 7.8172448980614064e-12 2.6890052426605927e-31 1.2480790313696758e-04
5.6017586765832930e+12 3.0546405989341978e-10 1.1667638164813285e-40 1.8286655591579928e-29 7.8143061724032202e-12 3.8196435184172792e-31 9.6864078117984411e-05
6.2698095315564971e+12 3.0237154473178924e-10 1.6413589028714341e-40 2.7949160997170281e-29 7.8111142072472608e-12 5.4282849410560720e-31 1.2545747383449005e-04
7.0175303563725156e+12 2.9929125694303233e-10 2.3202395320927164e-40 1.5572340327833417e-29 7.8078139499917717e-12 7.7524467496701896e-31 5.9093601669459607e-05
7.8544223799386738e+12 2.9622702737348320e-10 3.2583501602238739e-40 3.1843980502273863e-29 7.8044866270657407e-12 1.0999503283391303e-30 1.0249817482586378e-04
8.7911199224752842e+12 2.9318253817101284e-10 4.5585425784051311e-40 5.3147140876396831e-29 7.8012329378094976e-12 1.5548479138092943e-30 1.4537771820125552e-04
9.8395255249749688e+12 2.9015276683639859e-10 6.4168271043814022e-40 7.4136535443671060e-29 7.7979145913566004e-12 2.2115340047746307e-30 1.7181408343454023e-04
1.1012961193842355e+13 2.8714361463717550e-10 8.8483089358906098e-40 1.1453299993780215e-28 7.7946973304819807e-12 3.0814924953393163e-30 2.2722228137464257e-04
1.2326337682566779e+13 2.8415019753645979e-10 1.2403975319422491e-39 1.3342086601291548e-28 7.7914440546795575e-12 4.3652882971622487e-30 2.2473428233399088e-04
1.3796343961478771e+13 2.8117342226613403e-10 1.7514574428188277e-39 1.4244769691213569e-28 7.7881842696962836e-12 6.2291002780520707e-30 2.0298713033829334e-04
1.5441659283164830e+13 2.7820468956213777e-10 2.4412619266204879e-39 1.6813132775482058e-28 7.7847269844905909e-12 8.7750567054162663e-30 2.0401365215661640e-04
1.7283190538241025e+13 2.7524796569947875e-10 3.3983463692852762e-39 1.6453602412578688e-28 7.7811322747398595e-12 1.2346490411470140e-29 1.7012381734775534e-04
1.9344337917545672e+13 2.7230955481616593e-10 4.8034877640774103e-39 2.3610712931385016e-28 7.7775731834916505e-12 1.7639806165891637e-29 2.0644259827862365e-04
2.1651292256497875e+13 2.6938878655140118e-10 6.7118444831182691e-39 3.0623706553283595e-28 7.7740305221640456e-12 2.4915084881744342e-29 2.2774405812610524e-04
2.4233367839955395e+13 2.6648457316610755e-10 9.4727124742959955e-39 3.3968878695778394e-28 7.7704755125523697e-12 3.5546945032316672e-29 2.1380014584286520e-04
2.7123374896495836e+13 2.6359816378353392e-10 1.3305768248704611e-38 4.6085251541575239e-28 7.7669397121631015e-12 5.0477469409199947e-29 2.4607687022872813e-04
3.0358036515373945e+13 2.6072904533249256e-10 1.8698507430835020e-38 5.3566778542715191e-28 7.7634109430086829e-12 7.1716242457720435e-29 2.4260366152132828e-04
3.3978455283890633e+13 2.5788066275295369e-10 2.5959358648508292e-38 3.6959886808375870e-28 7.7600137659400878e-12 1.0066423116562647e-28 1.4284803293080446e-04
3.8030635574691211e+13 2.5502794093890291e-10 3.6527717083894783e-38 6.0888221989688889e-28 7.7560021665462781e-12 1.4323025527875684e-28 1.9949322209544018e-04
4.2566068119661383e+13 2.5219795728513582e-10 5.1242876606068831e-38 5.6175533413579768e-28 7.7521716889342385e-12 2.0318513741224901e-28 1.5626426437816986e-04
4.7642384298553211e+13 2.4938413807262550e-10 7.2431036063322581e-38 7.7581318952790573e-28 7.7483113162082197e-12 2.9043962708738622e-28 1.8254098787281716e-04
5.3324088456330453e+13 2.4658863453107182e-10 1.0085452687707031e-37 9.1806001922475488e-28 7.7444905563394570e-12 4.0899908898421663e-28 1.8409281919992508e-04
5.9683377554740203e+13 2.4380662827065226e-10 1.4065578986785967e-37 1.4357930541504344e-27 7.7405524066611606e-12 5.7691536471156238e-28 2.4518296173186313e-04
6.6801058573346992e+13 2.4104295996598254e-10 1.9817170024551061e-37 1.5132467655412834e-27 7.7366527170531415e-12 8.2214265985398539e-28 2.1894836714009931e-04
7.4767575317380562e+13 2.3829774489454014e-10 2.7841206275284853e-37 2.2258120580288202e-27 7.7327955618878441e-12 1.1683369596135338e-27 2.7326530838147115e-04
8.3684157679960125e+13 2.3557127755068694e-10 3.9318787819195447e-37 2.0657636027710988e-27 7.7290171775626678e-12 1.6690824207435636e-27 2.1464431603172949e-04
9.3664107962271891e+13 2.3284503982105701e-10 5.4555462151129312e-37 3.6526935609638644e-27 7.7247200044031820e-12 2.3429943877290901e-27 3.2408626376900681e-04
1.0483424059687845e+14 2.3013883809123255e-10 7.6839745209429658e-37 4.6762612678358493e-27 7.7205197702543895e-12 3.3388430152310298e-27 3.5165018606864330e-04
1.1733649356860552e+14 2.2745136688063641e-10 1.0619892356915883e-36 6.3511945017763806e-27 7.7163753677799953e-12 4.6690826714130361e-27 4.0864960177689250e-04
1.3132973200919283e+14 2.2477803447866638e-10 1.5043769693505601e-36 8.1389379886286088e-27 7.7121221561013008e-12 6.6927223242239889e-27 4.4260107746514789e-04
1.4699176688386469e+14 2.2212463537800502e-10 2.1232425724045378e-36 1.0283903222667367e-26 7.7079725106442564e-12 9.5587892301602086e-27 4.7354342432538661e-04
1.6452161442108172e+14 2.1948476143959578e-10 3.0011124562445243e-36 1.3042140732264378e-26 7.7036869152337399e-12 1.3673443370556995e-26 5.0816594934994879e-04
1.8414202499589147e+14 2.1686215512238300e-10 4.1700649514608431e-36 1.6950107473525366e-26 7.6994109695604021e-12 1.9229104078152906e-26 5.6364954637827471e-04
2.0610231360118972e+14 2.1425642855898694e-10 5.8467578153449634e-36 2.1937239915668131e-26 7.6951512204715253e-12 2.7288599248424847e-26 6.1980846286828495e-04
2.3068152787344934e+14 2.1165634751299977e-10 8.1608854972135553e-36 2.6320716231145365e-26 7.6905083758843094e-12 3.8557244292956155e-26 6.3330572218246186e-04
2.5819199392879297e+14 2.0907019934091262e-10 1.1358038118862136e-35 2.9821366097166175e-26 7.6857381576959205e-12 5.4326432722922739e-26 6.1196954067306781e-04
2.8898328506605619e+14 2.0650605517344493e-10 1.6012438577360226e-35 3.8376791543574953e-26 7.6811505130064374e-12 7.7539801745335462e-26 6.6738052527579408e-04
3.2344666376681106e+14 2.0396338857863487e-10 2.2581920725619356e-35 4.9481247412216792e-26 7.6767284515314535e-12 1.1071555970405567e-25 7.2909495150736239e-04
3.6202005343654294e+14 2.0143296602574177e-10 3.1532840417232423e-35 5.6996728588075518e-26 7.6721135570115817e-12 1.5654260094250281e-25 7.1515982452908231e-04
4.0519360306243281e+14 1.9891705032774515e-10 4.4380216382199381e-35 7.1151176922279732e-26 7.6673840287404759e-12 2.2310916187967013e-25 7.5727108642381223e-04
4.5351591549746512e+14 1.9642075179320234e-10 6.1790972151682717e-35 8.2995715122407993e-26 7.6627587316149985e-12 3.1458474518383937e-25 7.5335464932529180e-04
5.0760101851315412e+14 1.9393339651539514e-10 8.6441277121293092e-35 9.9207063532172322e-26 7.6578492744384519e-12 4.4572661890357329e-25 7.6622392017742732e-04
5.6813616720145625e+14 1.9145346627183382e-10 1.2219143734262857e-34 1.1948967044013408e-25 7.6525576382572605e-12 6.3823047825697728e-25 7.8122900610689357e-04
6.3589057687046212e+14 1.8900141073841161e-10 1.7040119311304041e-34 1.4282759127191879e-25 7.6476953346519222e-12 9.0158688470788760e-25 7.9587208737701295e-04
7.1172519740195950e+14 1.8656369140660533e-10 2.3899849647790521e-34 1.7432917993285673e-25 7.6427192180371595e-12 1.2810557867716131e-24 8.2557957453383089e-04
7.9660365327295038e+14 1.8413891552090781e-10 3.3624737798939394e-34 2.1201351609730657e-25 7.6375601570836655e-12 1.8260527767212528e-24 8.5204259187878287e-04
8.9160448825507488e+14 1.8173363870397746e-10 4.7169114784890010e-34 2.5980505335488669e-25 7.6324992556494647e-12 2.5955081910687378e-24 8.8736249702785327e-04
9.9793487038429025e+14 1.7934145931159743e-10 6.6116314054609288e-34 3.2327156674806353e-25 7.6272455449083997e-12 3.6866162630992801e-24 9.3879948230526521e-04
1.1169459313488755e+15 1.7697271471596255e-10 9.2852095164866463e-34 4.0152613132380487e-25 7.6222724522069407e-12 5.2466898817646614e-24 9.9052354673335747e-04
1.2501499352121010e+15 1.7461035638959520e-10 1.2996196564756667e-33 5.0445419233465761e-25 7.6168715429121904e-12 7.4429700697473024e-24 1.0589576707714158e-03
1.3992394946310500e+15 1.7226007452857036e-10 1.8177077560499891e-33 6.3463726203380857e-25 7.6112509951012265e-12 1.0552112908487749e-23 1.1341518932383825e-03
1.5661090787507808e+15 1.6992111077289838e-10 2.5523993684670102e-33 7.9947469644073641e-25 7.6053420313755983e-12 1.5021084530681550e-23 1.2139666034275930e-03
1.7528790860726412e+15 1.6761070945485904e-10 3.5919254925437072e-33 9.8978075668711266e-25 7.5999540248534324e-12 2.1430166987695292e-23 1.2756292355670040e-03
1.9619227881889970e+15 1.6531223058206495e-10 5.0186242602059553e-33 1.2633210017793020e-24 7.5943145393974275e-12 3.0358457099848945e-23 1.3869757957643716e-03
2.1958964867561928e+15 1.6303610130494334e-10 7.0310119398956415e-33 1.5915205755741554e-24 7.5888933965012481e-12 4.3125491125090204e-23 1.4864881423398242e-03
2.4577732669078305e+15 1.6076479516607350e-10 9.8799442788041951e-33 1.9971940799517129e-24 7.5829080510747481e-12 6.1455894423888010e-23 1.5847017834171690e-03
2.7508807760105610e+15 1.5851960854472945e-10 1.3817841336296925e-32 2.4981362744336496e-24 7.5773533359857770e-12 8.7168025855917683e-23 1.6879303776885523e-03
3.0789435078139420e+15 1.5627212877900040e-10 1.9336445910002712e-32 3.1095211516879029e-24 7.5708516385498444e-12 1.2373572985204712e-22 1.7888108684435469e-03
3.4461301292954150e+15 1.5405395523655224e-10 2.7191249469444069e-32 3.8748875103892720e-24 7.5649706044874057e-12 1.7650471503760797e-22 1.8932505452385431e-03
3.8571064515794210e+15 1.5184776291343470e-10 3.7989599797969148e-32 4.7613042527190735e-24 7.5588067252871346e-12 2.5018214999733807e-22 1.9823912676009228e-03
4.3170947180271900e+15 1.4966351453174223e-10 5.3596842095405834e-32 5.9391190131498229e-24 7.5528553342036222e-12 3.5811561864691109e-22 2.0969808159929993e-03
4.8319399628668380e+15 1.4748285306056366e-10 7.5015557376755484e-32 7.2598277339068987e-24 7.5462288323665563e-12 5.0863917953872534e-22 2.1826287932390043e-03
5.4081842835774270e+15 1.4532552097462688e-10 1.0474383250938176e-31 8.8401677279763801e-24 7.5398845117356509e-12 7.2075318778777687e-22 2.2658196073681745e-03
6.0531499707997710e+15 1.4318565770385782e-10 1.4690065182248980e-31 1.0812289141833068e-23 7.5335431024139121e-12 1.0259452949283193e-21 2.3575234987739191e-03
6.7750325521001640e+15 1.4105568852770713e-10 2.0603462653875735e-31 1.3192902859731554e-23 7.5268276936483576e-12 1.4606615918101496e-21 2.4472309399381350e-03
7.5830049318854370e+15 1.3894646092125482e-10 2.8967086386464524e-31 1.6147541753836741e-23 7.5203139729698433e-12 2.0847660454540867e-21 2.5452489340758704e-03
8.4873339507680460e+15 1.3684903201589788e-10 4.0532161281311435e-31 1.9663217916196099e-23 7.5133920556423186e-12 2.9618157091971813e-21 2.6401818813782535e-03
9.4995108454914040e+15 1.3476374010096010e-10 5.6841446542967168e-31 2.4041943342292723e-23 7.5063617527657771e-12 4.2178590843786039e-21 2.7469482690646151e-03
1.0632397267158626e+16 1.3269735764586876e-10 7.9686260228056230e-31 2.9403790025980696e-23 7.4992993737016675e-12 6.0051128102125464e-21 2.8594364740543235e-03
1.1900388713207834e+16 1.3064970646210092e-10 1.1175580464412248e-30 3.6056364663313053e-23 7.4923016953580034e-12 8.5538504195982097e-21 2.9839577753625443e-03
1.3319597449850696e+16 1.2862147402923600e-10 1.5648876458731007e-30 4.4348702669393700e-23 7.4853724145503806e-12 1.2166612594700925e-20 3.1259541072717195e-03
1.4908057249353930e+16 1.2660782391852679e-10 2.1944029296967068e-30 5.4539325330866829e-23 7.4783523213246225e-12 1.7332285334189329e-20 3.2720603248408697e-03
1.6685952543746534e+16 1.2459576220390016e-10 3.0785038705700869e-30 6.7430809165454992e-23 7.4704218703978658e-12 2.4707934010886623e-20 3.4429988974972550e-03
1.8675874906787560e+16 1.2260673901923261e-10 4.3152194976872327e-30 8.3063105795824997e-23 7.4627885922431073e-12 3.5195614304775929e-20 3.6111834317593353e-03
2.0903110123292976e+16 1.2064118658976764e-10 6.0467306689548808e-30 1.0292887373311671e-22 7.4554913858880735e-12 5.0121611365746825e-20 3.8109136482040746e-03
2.3395959493587928e+16 1.1864699487140718e-10 8.4879480886451230e-30 1.2770618367913972e-22 7.4452383192146610e-12 7.1539511791635268e-20 4.0242244746021448e-03
2.6186099455872588e+16 1.1671179176055505e-10 1.1891987600184551e-29 1.5817706298345849e-22 7.4376057846870643e-12 1.0189191186938553e-19 4.2457939639684679e-03
2.9308984096197312e+16 1.1481575108651758e-10 1.6700655583070072e-29 1.9605488227192824e-22 7.4315273892008712e-12 1.4545613668011071e-19 4.4772378481758674e-03
3.2804295660708180e+16 1.1291034508833825e-10 2.3404775589351228e-29 2.4305130446765722e-22 7.4235362273271034e-12 2.0728637018193428e-19 4.7280150275934808e-03
3.6716448794783368e+16 1.1100987377968108e-10 3.2809969334571220e-29 3.0138153475513204e-22 7.4148413335688018e-12 2.9555901846792893e-19 4.9938204500185410e-03
4.1095154916392968e+16 1.0913864921963438e-10 4.6065434832940649e-29 3.7328916576046292e-22 7.4068375380423402e-12 4.2208177545094023e-19 5.2646379565883840e-03
4.5996053895121832e+16 1.0727589109811934e-10 6.4598168389399328e-29 4.6171491667178540e-22 7.3982252696869096e-12 6.0216855556403582e-19 5.5464198067563183e-03
5.1481421063557096e+16 1.0539756303743861e-10 9.0622710858312110e-29 5.6996570315412453e-22 7.3871959388927140e-12 8.5981789565781259e-19 5.8319650684642245e-03
5.7620958544975680e+16 1.0358582084280796e-10 1.2672534251180455e-28 7.0205459231442465e-22 7.3797117998139067e-12 1.2233850297340495e-18 6.1275800246485919e-03
6.4492680952664672e+16 1.0177782381897497e-10 1.7823260206333692e-28 8.6625455694837781e-22 7.3712301152102572e-12 1.7511928962083789e-18 6.4316940634537960e-03
7.2183906715396112e+16 9.9971811826369675e-11 2.4891689734794054e-28 1.0618742751389861e-21 7.3615767894484098e-12 2.4898708225900477e-18 6.7314268190502222e-03
8.0792367625736320e+16 9.8181468549530265e-11 3.4888630846613787e-28 1.3030920389106770e-21 7.3518176736792712e-12 3.5534843145082192e-18 7.0407409622597851e-03
9.0427450710143440e+16 9.6425099291991465e-11 4.8968811867154728e-28 1.6000675099851528e-21 7.3431576513519825e-12 5.0784300173618600e-18 7.3634861787671467e-03
1.0121158820119382e+17 9.4662820355080873e-11 6.8712635403171019e-28 1.9603650229319394e-21 7.3327586795112726e-12 7.2586718994246592e-18 7.6865051501023322e-03
1.1328181327419606e+17 9.2934520251805392e-11 9.6422123732205758e-28 2.4014830379566832e-21 7.3236160673813398e-12 1.0375275352038267e-17 8.0223692283642699e-03
1.2679150131682600e+17 9.1218542014268989e-11 1.3522423191728091e-27 2.9404325132549554e-21 7.3140877077670606e-12 1.4824204479844490e-17 8.3722539177613804e-03
1.4191231885795315e+17 8.9506193894823529e-11 1.8940017418671614e-27 3.5997898826757428e-21 7.3033309413253863e-12 2.1160566207214164e-17 8.7429988258167848e-03
1.5883640492052931e+17 8.7824942165771334e-11 2.6571102948124076e-27 4.4097702224935139e-21 7.2936813728733118e-12 3.0254620490350668e-17 9.1285591344900229e-03
1.7777881251684342e+17 8.6144021389377838e-11 3.7238348429959116e-27 5.4025707503684877e-21 7.2825894058187600e-12 4.3228012611158257e-17 9.5387767949805177e-03
1.9898024130999475e+17 8.4486138023496405e-11 5.2153214360498328e-27 6.6266654083715594e-21 7.2719367322967390e-12 6.1729906917977498e-17 9.9830161445236907e-03
2.2271009616532464e+17 8.2820705099544212e-11 7.3128559945735193e-27 8.1238714133453489e-21 7.2589558117464890e-12 8.8297437045289819e-17 1.0438787773156171e-02
2.4926991045656736e+17 8.1223218459281244e-11 1.0260389348356052e-26 9.9758958931139191e-21 7.2504840219864460e-12 1.2632335362947703e-16 1.0927728351801565e-02
2.7899717762637936e+17 7.9585842703062288e-11 1.4373048309361572e-26 1.2250311255323713e-20 7.2366467879432202e-12 1.8059805388991032e-16 1.1453936501176248e-02
3.1226963968861190e+17 7.7993196622429711e-11 2.0144234471719550e-26 1.5062746272723977e-20 7.2253232358934957e-12 2.5828194437572716e-16 1.2017120509249616e-02
3.4951008716597299e+17 7.6411769519813071e-11 2.8272648581636884e-26 1.8519524076852019e-20 7.2133131355422996e-12 3.7000384573355500e-16 1.2599881066323402e-02
3.9119173145547379e+17 7.4861475187717840e-11 3.9699041536450700e-26 2.2775885843062047e-20 7.2026146339081475e-12 5.3030001662275429e-16 1.3211620071637342e-02
4.3784421788794458e+17 7.3313023326543645e-11 5.5575634877808575e-26 2.8030373203638423e-20 7.1903565546623911e-12 7.5805951461405456e-16 1.3886605533710556e-02
4.9006035588900589e+17 7.1779702318678561e-11 7.7919289421978837e-26 3.4476742837918674e-20 7.1777926651776553e-12 1.0855337498620768e-15 1.4578166676128677e-02
5.4850365176118400e+17 7.0276700388155417e-11 1.0945045561558685e-25 4.2393540469249444e-20 7.1664538783760466e-12 1.5574216633829567e-15 1.5285696058651755e-02
6.1391673980561242e+17 6.8753592997652327e-11 1.5321609346302395e-25 5.2076162319838954e-20 7.1511847966601264e-12 2.2284812586922600e-15 1.6044976304841786e-02
6.8713081891685709e+17 6.7244484197946552e-11 2.1433648760162860e-25 6.3930352644173856e-20 7.1354948910350847e-12 3.1874210971815753e-15 1.6839558925854429e-02
7.6907621456103872e+17 6.5802332029817390e-11 3.0059434654102114e-25 7.8485256941623698e-20 7.1244396555880203e-12 4.5681412385933331e-15 1.7647249977339859e-02
8.6079420034732237e+17 6.4319518597241111e-11 4.2206339393226611e-25 9.6233897641362143e-20 7.1077767668900066e-12 6.5619799889230993e-15 1.8470040160748338e-02
9.6345022940866470e+17 6.2876381644650304e-11 5.8970441748713641e-25 1.1782871367137197e-19 7.0928586995877690e-12 9.3787906056662303e-15 1.9350410176230477e-02
1.0783487437218810e+18 6.1454007777862655e-11 8.2782271096310325e-25 1.4426742338805049e-19 7.0783186575040615e-12 1.3470605756998253e-14 2.0226675236268161e-02
1.2069497495478006e+18 6.0064398325760957e-11 1.1629763331596049e-24 1.7654789312469720e-19 7.0652801325589837e-12 1.9362157377356008e-14 2.1123629194211020e-02
1.3508873696144392e+18 5.8649622777110285e-11 1.6270991899401774e-24 2.1560704275277957e-19 7.0471920264410128e-12 2.7742705117195652e-14 2.2071066376431803e-02
1.5119906077842550e+18 5.7294068110691674e-11 2.2874357876379800e-24 2.6348824908034061e-19 7.0338639733675348e-12 3.9924478450693732e-14 2.3016112187745581e-02
1.6923065900603313e+18 5.5921996054867066e-11 3.1998283062273617e-24 3.2150835755366868e-19 7.0166235434548862e-12 5.7219493794315081e-14 2.4034638622191278e-02
1.8941265772533806e+18 5.4576284519155963e-11 4.4920580137081170e-24 3.9233307588495630e-19 7.0000837528207601e-12 8.2307875174812614e-14 2.5057068592976489e-02
2.1200150798501018e+18 5.3239161800597660e-11 6.2999054959519162e-24 4.7854980574485854e-19 6.9819709825316145e-12 1.1833216908160353e-13 2.6130307605670026e-02
2.3728424450435052e+18 5.1931519331904095e-11 8.8241707003750476e-24 5.8376540248319844e-19 6.9657446766570654e-12 1.6991936330567599e-13 2.7270047079872003e-02
2.6558213300059110e+18 5.0635014022655181e-11 1.2344940285110943e-23 7.1201465410179585e-19 6.9481314378289111e-12 2.4380244625951015e-13 2.8478621789123974e-02
2.9725475248673940e+18 4.9359172254192820e-11 1.7304236114870735e-23 8.6851123634318602e-19 6.9308134301774123e-12 3.5057792350629944e-13 2.9717706644105522e-02
3.3270456441343258e+18 4.8076363886948029e-11 2.4246256248926220e-23 1.0590058760260857e-18 6.9100286889839065e-12 5.0432799589272735e-13 3.1017744741129189e-02
3.7238202671451259e+18 4.6825453011062526e-11 3.3939478284644068e-23 1.2919122774946562e-18 6.8907008715616144e-12 7.2480832756922304e-13 3.2407046377700852e-02
4.1679131774005878e+18 4.5593521461213535e-11 4.7626211149460017e-23 1.5762086595495997e-18 6.8715430282625903e-12 1.0445828622806849e-12 3.3825102731512478e-02
4.6649674281050890e+18 4.4372824406599686e-11 6.6794747258056399e-23 1.9230480470960528e-18 6.8510214956304896e-12 1.5053075424250275e-12 3.5323232763859735e-02
5.2212990479935386e+18 4.3150111176809863e-11 9.3792840452238132e-23 2.3450471712608232e-18 6.8274726552355069e-12 2.1736407599904698e-12 3.6861735573355182e-02
5.8439772986050243e+18 4.1987583036500620e-11 1.3164371989608861e-22 2.8625274483789808e-18 6.8099710415933712e-12 3.1353012099133077e-12 3.8502519456854505e-02
6.5409145028257382e+18 4.0801581650221895e-11 1.8459935337596728e-22 3.4901899104060491e-18 6.7857722943152899e-12 4.5243185658252093e-12 4.0215685110159556e-02
7.3209665861447291e+18 3.9652860305759045e-11 2.5870955409116018e-22 4.2561949867647304e-18 6.7644520922335915e-12 6.5243604646572799e-12 4.2022126144367587e-02
8.1940456081934459e+18 3.8505005611825830e-11 3.6283500491145561e-22 5.1856103189604219e-18 6.7398111628176087e-12 9.4230606941296244e-12 4.3871925200921501e-02
9.1712457144968243e+18 3.7379755414604299e-11 5.0887847740284405e-22 6.3151450173530178e-18 6.7156613959858404e-12 1.3613745508808148e-11 4.5788673128177255e-02
1.0264984108896109e+19 3.6272241788570428e-11 7.1203472280035941e-22 7.6861321286330313e-18 6.6913149886857829e-12 1.9630292688739954e-11 4.7826660871792777e-02
1.1489158837968347e+19 3.5179836410227537e-11 9.9719306017110600e-22 9.3468250798246813e-18 6.6660751319432238e-12 2.8345585480122771e-11 4.9903106742981471e-02
1.2859325392395708e+19 3.4092669322628426e-11 1.3957105520079331e-21 1.1352885582149703e-17 6.6375957355368462e-12 4.0938729048840284e-11 5.2044887836017226e-02
1.4392894369345585e+19 3.3028874395429133e-11 1.9624255970982954e-21 1.3777747222616190e-17 6.6105130552097338e-12 5.9415454898253418e-11 5.4117126176067669e-02
1.6109352707541078e+19 3.1997170607444627e-11 2.7558114276092473e-21 1.6713850601314465e-17 6.5848580213649212e-12 8.6126722302462493e-11 5.6285428800044307e-02
1.8030511306236897e+19 3.0963767510221951e-11 3.8699116262995499e-21 2.0245508948385382e-17 6.5557614510639291e-12 1.2498193653399321e-10 5.8485913306281695e-02
2.0180782174578274e+19 2.9941178680873911e-11 5.4250473310507181e-21 2.4497261471697947e-17 6.5234014320876279e-12 1.8119017250089800e-10 6.0782887208500565e-02
2.2587488633053925e+19 2.8967655626813271e-11 7.6010503848435730e-21 2.9648154192513113e-17 6.4978778158204534e-12 2.6239784402205229e-10 6.3183572874015562e-02
2.5281212508751430e+19 2.7953158134539930e-11 1.0651816547022417e-20 3.5788177148701793e-17 6.4581796160536301e-12 3.8105950289036114e-10 6.5586174269697914e-02
2.8296182736196489e+19 2.7016359046732295e-11 1.4954700345893957e-20 4.3267269075311117e-17 6.4326105600752250e-12 5.5354240413179246e-10 6.8070229852788280e-02
3.1670710301693809e+19 2.6042133780404756e-11 2.0911588168922415e-20 5.2174022329276105e-17 6.3918888061683180e-12 8.0299058166521677e-10 7.0700507012776762e-02
3.5447675057976099e+19 2.5093838901878812e-11 2.9399382498117360e-20 6.2924426793044562e-17 6.3532817915922305e-12 1.1715777158939410e-09 7.3259948824841534e-02
3.9675070595075006e+19 2.4182620108988902e-11 4.1222052810016181e-20 7.5900317802905618e-17 6.3175744194526185e-12 1.7046148247776446e-09 7.6019867783497286e-02
4.4406614091041235e+19 2.3308499381612093e-11 5.7867888702675131e-20 9.1592915443874189e-17 6.2871653653028392e-12 2.4826947291449571e-09 7.8865290460274393e-02
4.9702428891845812e+19 2.2417589872283336e-11 8.1149918955854381e-20 1.1035209231952419e-16 6.2458343203191605e-12 3.6199216385178941e-09 8.1816720409843904e-02
5.5629808493941531e+19 2.1573313440608848e-11 1.1410751430235576e-19 1.3308643045167142e-16 6.2107345673343504e-12 5.2892901228615186e-09 8.4823898306512227e-02
6.2264071637358092e+19 2.0701003019186500e-11 1.6033676479705932e-19 1.6012575854024608e-16 6.1626447772325480e-12 7.7453620680402116e-09 8.7891919151474374e-02
6.9689519374928347e+19 1.9835792826450900e-11 2.2577203755938874e-19 1.9245765792580861e-16 6.1111535575937393e-12 1.1382052482851809e-08 9.0944269392480168e-02
7.8000506279042040e+19 1.9005091255515808e-11 3.1499201613268908e-19 2.3126726879885633e-16 6.0605572768864902e-12 1.6574085684569653e-08 9.4521241828249891e-02
8.7302639397678907e+19 1.8214723868748755e-11 4.3991298173957765e-19 2.7808876598548801e-16 6.0167299729812762e-12 2.4151503711224645e-08 9.8240091877675295e-02
9.7714120194743484e+19 1.7430884181879721e-11 6.1976382851060828e-19 3.3381529599014427e-16 5.9671865591804149e-12 3.5555500226366647e-08 1.0156250672224203e-01
1.0936724652664452e+20 1.6673710715790353e-11 8.7340142821020939e-19 4.0046427624439664e-16 5.9190943667714412e-12 5.2381944088343526e-08 1.0493991316440153e-01
1.2241009374061157e+20 1.5914266646058949e-11 1.2213740114299082e-18 4.7957599628353569e-16 5.8638160249484035e-12 7.6747106533837743e-08 1.0877767826611909e-01
