# k_modes P_R(k) P_S(k) P_RS(k) 
4.5684554175445461e-05 1.0374674254570037e-08 7.7677853054485372e-88 -2.9716566323199092e-49
5.0788474958229744e-05 6.2156431688240628e-09 1.1494294086536450e-87 -6.0636344401099478e-49
5.6462610506750848e-05 9.3738861047282159e-09 3.7680135828203785e-87 3.8782553824095699e-48
6.2770665743734009e-05 4.1959902878449260e-09 6.0825371804018832e-87 -8.8550120712031696e-49
6.9783462764983091e-05 3.5319742517270153e-09 5.0268059823723424e-85 3.1976323940580885e-47
7.7579735976559804e-05 3.6689667816456474e-09 3.3353717641216911e-87 2.6738303030305157e-48
8.6247016065428667e-05 2.8691143912172477e-09 1.0017921199162519e-86 5.0378315303984352e-48
9.5882612728120169e-05 2.7943150774393602e-09 3.1427932417921435e-87 2.3238818437640632e-48
1.0659470719075465e-04 3.1348526761210769e-09 2.3816175779520907e-86 8.2570928686716350e-48
1.1850356678641466e-04 2.3089223953593123e-09 1.9537576397438430e-87 1.8480635115330293e-48
1.3174289522622986e-04 2.0603251693972486e-09 9.7087747970911334e-87 4.1075110592449296e-48
1.4646133372399982e-04 2.1337799873097098e-09 6.5396456763759990e-87 2.5419239534820101e-48
1.6282412982785254e-04 2.2192707191141386e-09 1.7827450000164745e-84 1.3054163787106867e-47
1.8101499269532515e-04 2.2933713532796643e-09 2.1797434298615704e-86 3.6962844835473586e-48
2.0123815564149648e-04 2.5547661038728702e-09 2.9199698640857624e-86 5.3188334183378063e-48
2.2372066911691241e-04 3.0648507168071921e-09 2.1629545260599529e-86 -1.7350821536728149e-48
2.4871494985913208e-04 3.5919935632955131e-09 2.0847793548981870e-86 -4.1939806759880745e-48
2.7650161483784965e-04 3.3386290896055758e-09 5.9817930302692777e-86 -6.2514479934252963e-48
3.0739263181099678e-04 7.1478728020915960e-10 7.1807601674233960e-85 -1.0198528805073099e-48
3.4173482186389129e-04 6.2009077533480337e-12 2.9585744657495847e-86 1.3617558824667100e-49
3.7991375325531728e-04 7.5989155458192025e-11 8.7078618756764292e-85 -4.8692506026488514e-48
4.2235807028769440e-04 1.5173591311740241e-10 9.4690393299973128e-84 1.1897934430477433e-47
4.6954430580264413e-04 1.6061137123223915e-10 2.1722484570096672e-84 -5.4105347513355963e-48
5.2200223133302482e-04 1.1669292293591713e-10 2.2284540323979035e-84 -1.0976878599246998e-47
5.8032080497891539e-04 4.8553083662451166e-11 4.6637349893471417e-84 -1.3928115553373939e-47
6.4515478378582736e-04 1.5028686099236980e-12 6.4014351984906226e-84 -2.6290918436200829e-48
7.1723207486393552e-04 4.2966481380654797e-11 3.4958155783914811e-84 -9.4831657831810343e-48
7.9736190778118704e-04 2.4248659957984401e-10 1.6902314874004430e-83 6.3483530905651467e-47
8.8644391998373448e-04 6.1683229514772217e-10 8.0543534136929229e-84 3.9586754043836727e-47
9.8547825724798065e-04 1.0942397637290817e-09 2.0918466993793324e-83 1.0343216274407709e-46
1.0955768025644956e-03 1.5593494288106116e-09 2.1636776294795048e-83 7.4086835396510069e-47
1.2179756595232601e-03 1.9308200838358649e-09 2.3560371682977153e-82 -2.8099925278010846e-46
1.3540490303543037e-03 2.1854795301731971e-09 1.7498369274159262e-83 2.6711166433248710e-47
1.5053246444358950e-03 2.3354256262462761e-09 8.2136460678700037e-83 4.2807090951257043e-46
1.6735009104900200e-03 2.4029122150084542e-09 3.7615409332319927e-83 -6.8490994756740018e-47
1.8604659850370178e-03 2.4087954051978764e-09 5.5639553908817114e-83 -2.5558749951693413e-46
2.0683189711956855e-03 2.3700228501286135e-09 1.4331178119120726e-79 1.3996330995085754e-44
2.2993934858329917e-03 2.3004658753722478e-09 3.5135222864573280e-83 -2.6521775190773759e-46
2.5562838596576228e-03 2.2118972704783286e-09 4.0915030068684689e-83 -3.0030960615785511e-46
2.8418742644123083e-03 2.1144647045326718e-09 2.7270255399353156e-79 -1.8969425669343301e-44
3.1593710941830535e-03 2.0166333336983986e-09 2.3060004092569312e-82 -6.6946398923984345e-46
3.5123389643783574e-03 1.9249155140720837e-09 2.0483291550124564e-81 4.6912882019633722e-46
3.9047407325477216e-03 1.8438151785235500e-09 7.5402513751500701e-79 -2.9670779375959237e-44
4.3409819903631819e-03 1.7757337493831427e-09 7.7149521918498362e-82 -2.2235262598907614e-46
4.8259605262862834e-03 1.7214023188252675e-09 1.2181479081965539e-81 -1.5494493484283497e-46
5.3651213142501116e-03 1.6803798348510671e-09 2.9197863502794367e-81 1.4213743778776890e-46
5.9645176457279016e-03 1.6513649759356249e-09 1.8043795973270426e-81 1.5163428671652156e-45
6.6308790915330668e-03 1.6325644743069279e-09 4.2036163076494757e-81 1.9205093166996439e-45
7.3716870563746264e-03 1.6219658127368626e-09 4.9205553202727333e-81 2.0739763390643344e-45
8.1952587744376030e-03 1.6175558182706252e-09 8.0256772545245477e-81 2.0407393736590048e-45
9.1108406890276650e-03 1.6174407707455189e-09 2.5398295575582179e-80 6.3809983461272646e-45
1.0128712264676286e-02 1.6199685672000505e-09 5.5111850478449089e-81 2.8855877623353006e-45
1.1260301397230622e-02 1.6237643232183168e-09 3.5922883336285384e-81 1.0632738300005945e-45
1.2518312717665719e-02 1.6277465214677761e-09 3.2573995855938644e-80 7.0254319506923065e-45
1.3916870230117657e-02 1.6311253753742857e-09 1.2447295236428837e-80 2.6795320239419826e-45
1.5471675885570189e-02 1.6333737804779491e-09 8.2421299362527212e-80 3.8570227991778802e-45
1.7200185871540628e-02 1.6341921912165885e-09 4.7069306017146477e-80 1.2926195494616912e-45
1.9121806597013180e-02 1.6334605999289485e-09 1.0806450286842649e-79 -1.6463593667415468e-46
2.1258112572990817e-02 1.6312063146293784e-09 1.0789174475744209e-79 -3.4310657819776942e-45
2.3633088634864553e-02 1.6275339901567425e-09 2.3447721830681125e-79 -7.3818667412813946e-45
2.6273399226090614e-02 1.6226321474648418e-09 3.2139914811661019e-79 -1.2274281056073276e-44
2.9208687766489834e-02 1.6167421725927715e-09 1.5263316846585925e-79 -1.5441488405435818e-44
3.2471909466251392e-02 1.6101008410441148e-09 3.5643574769359641e-79 -2.1215986382156146e-44
3.6099701322225564e-02 1.6029283959880159e-09 3.2498387811303643e-79 -2.2755225449496333e-44
4.0132793450545927e-02 1.5954179916546987e-09 8.8615918142991635e-79 -3.4649160834874983e-44
4.4616466373713616e-02 1.5877347764869840e-09 1.3056970493416480e-78 -3.6222522416295312e-44
4.9601059396219019e-02 1.5800158826145197e-09 9.5044261520721345e-79 -2.9950956621472942e-44
5.5142535776359573e-02 1.5723600742745377e-09 2.2942315352980760e-78 -4.1370004966964784e-44
6.1303111039577474e-02 1.5648321176913923e-09 1.8308117036655927e-78 -3.4998580287176620e-44
6.8151951487546769e-02 1.5574759727824388e-09 3.0982660724142265e-76 6.4040788106107159e-43
7.5765950745343133e-02 1.5503124678871008e-09 5.9572254943319608e-78 -2.8933136374820399e-44
8.4230593065184725e-02 1.5433387710351252e-09 1.0388608896167466e-77 2.4377133190751323e-46
9.3640913079267571e-02 1.5365483455964212e-09 1.4914103679024804e-77 8.0279035565679451e-45
1.0410256277707848e-01 1.5299167117725046e-09 1.3169265014757825e-77 7.0969355673918656e-44
1.1573299768640330e-01 1.5234219827399843e-09 1.4427555709006862e-78 4.6665407943865585e-44
1.2866279557557794e-01 1.5170375301738896e-09 2.8764109810927608e-77 1.5360417400426422e-43
1.4303712248237918e-01 1.5107279506941642e-09 1.3043236239736742e-77 1.3939420056047498e-43
1.5901736252902215e-01 1.5044562205240521e-09 7.8803064393128600e-77 3.4300444833677927e-43
1.7678292982160290e-01 1.4982310145833669e-09 8.3513068900872076e-77 3.5341211881869130e-43
1.9653328277662735e-01 1.4920282114694863e-09 1.2549564551754135e-76 4.1832016343365186e-43
2.1849016348996919e-01 1.4858374777937991e-09 1.9447100365400909e-76 4.5269678134949710e-43
2.4290008729020571e-01 1.4796513289676677e-09 2.8762064765989055e-76 4.4660618257936248e-43
2.7003711042716205e-01 1.4734639052394284e-09 3.4845389927482889e-76 3.6822046788418887e-43
3.0020590696918897e-01 1.4672729126601957e-09 3.6864097190630108e-76 1.9184101522982797e-44
3.3374518945425713e-01 1.4610773763439568e-09 5.5625775999135067e-76 3.0072609094098150e-43
3.7103151169936782e-01 1.4548769488169023e-09 8.5181981372270245e-76 5.4692971413221622e-44
4.1248349646335897e-01 1.4486737933319826e-09 1.2236598307927976e-75 -4.5508548519667583e-43
4.5856653542812165e-01 1.4424712308694592e-09 8.7718463845444203e-76 -8.8108713025718987e-43
5.0979801426608284e-01 1.4362715702099219e-09 1.6549622222733086e-75 -1.0900553994312472e-42
5.6675312145706691e-01 1.4300783846689140e-09 1.7958661629201675e-76 4.5038570917466634e-43
6.3007130607158157e-01 1.4238955755886480e-09 5.2270670910741641e-75 -2.6328144496471991e-42
7.0046345702362545e-01 1.4177244586275462e-09 5.0654850486139336e-75 -2.6648362786151257e-42
7.7871988439630246e-01 1.4115665851556867e-09 4.8432991272145396e-75 -2.3929102814349686e-42
8.6571919244851703e-01 1.4054186077391989e-09 8.6145958356184474e-75 -2.9216423503838153e-42
9.6243814392223204e-01 1.3992608012387138e-09 1.4443723922191279e-74 -3.0322299771910769e-42
1.0699626263992730e+00 1.3931210112449209e-09 1.8313511456216125e-75 -1.3968073889610047e-42
1.1894998438296860e+00 1.3869984647445990e-09 2.3863519879610936e-74 -3.5068295001876442e-42
1.3223918701089796e+00 1.3808939899976152e-09 4.2877037539436919e-74 -1.0307216518596211e-42
1.4701307168735576e+00 1.3748072084465795e-09 7.9235552635283782e-75 2.7094060333441193e-42
1.6343750846842784e+00 1.3687367839417364e-09 7.1688193788000493e-74 4.0348362687427819e-42
1.8169689856677407e+00 1.3626828658805085e-09 8.9254059159080740e-74 5.4125798006929960e-42
2.0199624466963804e+00 1.3566449938030285e-09 1.2627582059350920e-73 1.0092766635486400e-41
2.2456345255470245e+00 1.3506231079718963e-09 1.6273563044066601e-73 1.2089308805571807e-41
2.4965188984460323e+00 1.3446174347730515e-09 2.7357148738443239e-73 1.8437710698758527e-41
2.7754323062787671e+00 1.3386280846198189e-09 3.8384597008120738e-73 2.2664908771470400e-41
3.0855061788359133e+00 1.3326528424559675e-09 4.5168854474369074e-73 2.4333067317924061e-41
3.4302217921500211e+00 1.3266928182299007e-09 7.6098604861634236e-73 2.8010038960813905e-41
3.8134493536422163e+00 1.3207480849862844e-09 9.3563320814204818e-73 2.7307165610988218e-41
4.2394914538978661e+00 1.3148171396094265e-09 1.0884664141383861e-72 1.9125049255865351e-41
4.7131313729148747e+00 1.3089017550422854e-09 1.2638159338953441e-72 1.8244220888351299e-41
5.2396867831708462e+00 1.3030003951830554e-09 2.6122963350022506e-72 4.1486196474715324e-42
5.8250694524468472e+00 1.2970870061237940e-09 2.7577360648391956e-72 -2.3935083951317594e-42
6.4758516167058779e+00 1.2911881736166552e-09 9.5780553027192565e-74 -7.7854380753923455e-42
7.1993397682110958e+00 1.2853045102973939e-09 6.1251737216217776e-72 -4.5188971030644855e-41
8.0036566873208734e+00 1.2794353296217890e-09 8.3022759033940036e-72 -7.2076713020895255e-41
8.8978326389523215e+00 1.2735802349629253e-09 1.2683085124676513e-71 -1.1659710481585037e-40
9.8919067575982034e+00 1.2677414293323974e-09 1.7843768598121090e-71 -1.4073760349763041e-40
1.0997039759171980e+01 1.2619149733195751e-09 2.2355208696170955e-71 -1.6663671254826937e-40
1.2225639245124974e+01 1.2561083754929180e-09 3.4642350909997773e-71 -2.0435286904524788e-40
1.3591499005655473e+01 1.2503138492810655e-09 4.2286247408112587e-71 -2.1419670905324023e-40
1.5109953886001952e+01 1.2445333889358783e-09 5.1354679915250045e-71 -2.2313678761856611e-40
1.6798051954541886e+01 1.2387684795652019e-09 7.3451723822983587e-71 -2.2213971305225630e-40
1.8674745905670733e+01 1.2330178154581870e-09 6.1183718122155703e-71 -8.3248631800552000e-41
2.0761105846387853e+01 1.2272833152918727e-09 1.5722587750988676e-70 -7.8922028102629654e-41
2.3080555855597233e+01 1.2215636124656583e-09 2.0959829583975369e-70 2.5502114239279508e-41
2.5659136972033178e+01 1.2158585434926966e-09 3.1456748578325583e-70 1.9937914770474989e-40
2.8525799563440454e+01 1.2101686223467489e-09 2.6279116121767186e-70 3.9454297140707887e-40
3.1712728359511299e+01 1.2044932334514843e-09 5.3524386115780952e-70 4.7382483102646035e-40
3.5255703797802830e+01 1.1988075145352402e-09 7.6078219968198039e-70 7.2687172883033031e-40
3.9194503739556630e+01 1.1931363181703268e-09 1.1025520290432140e-69 1.0805877320826117e-39
4.3573350065581714e+01 1.1874804086580393e-09 1.2264862432387948e-69 1.1983316809015082e-39
4.8441405166243953e+01 1.1818390001192981e-09 1.6522176978905350e-69 1.3966938419125576e-39
5.3853323899778594e+01 1.1762125491313791e-09 2.5250850133049162e-69 1.5740055960511302e-39
5.9869867215896299e+01 1.1706007661194509e-09 3.0805207793319351e-69 1.7236683368425900e-39
6.6558584333989415e+01 1.1650036738065601e-09 2.2273448801827625e-69 -1.4798290305580332e-39
7.3994571134918658e+01 1.1594211722261330e-09 6.4926458701336373e-69 1.7176085425567910e-39
8.2261313281035683e+01 1.1538526479441835e-09 1.1583497036238488e-68 7.7745399948195787e-40
9.1451623530355775e+01 1.1483021464221034e-09 1.1387686963150595e-68 6.3119902246749380e-40
1.0166868376833928e+02 1.1427644637381679e-09 1.9070043011754541e-68 -1.2171578034808831e-39
1.1302720345643255e+02 1.1372413566536478e-09 2.6301958008934782e-68 -2.5725693592409733e-39
1.2565470750355173e+02 1.1317327908176620e-09 3.4889512303996170e-68 -3.6237168253306903e-39
1.3969296801976739e+02 1.1262387582309178e-09 5.0917074738646190e-68 -5.9623108752269161e-39
1.5529959602683513e+02 1.1207591668361349e-09 7.3233902385220015e-68 -8.1581292872655647e-39
1.7264981099610793e+02 1.1152973120954969e-09 8.4914125512800849e-68 -9.6728896565748796e-39
1.9193840808086298e+02 1.1098488900845323e-09 1.3749347934510177e-67 -1.2320503405906007e-38
2.1338194512964924e+02 1.1043937474132914e-09 1.4383494405659326e-67 -1.2283924561877938e-38
2.3722117403479933e+02 1.0989502394919772e-09 2.2409589098685684e-67 -1.3629749934773027e-38
2.6372374371344705e+02 1.0935207117206472e-09 3.3845578272599907e-67 -1.3567960467638697e-38
2.9318720506809956e+02 1.0881064818521905e-09 3.4854432400427007e-67 -8.6505514759370366e-39
3.2594235166418474e+02 1.0827085115830784e-09 6.7984851962531775e-67 -8.4562767219344431e-39
3.6235693363120231e+02 1.0773245001081797e-09 9.3910525404820978e-67 -4.2966119276547086e-39
4.0283978648435232e+02 1.0719550659612816e-09 1.2683714377379271e-66 4.9458807436065765e-39
4.4784542122194512e+02 1.0665990974323116e-09 1.6618074723903997e-66 1.5958777113963433e-38
4.9787912723276287e+02 1.0612599197731238e-09 1.7599377232167331e-66 2.0037590212979878e-38
5.5350264530495213e+02 1.0559338972278406e-09 2.8930403065628935e-66 4.0260492427205581e-38
6.1534047442874987e+02 1.0506232832969016e-09 3.9305113088928786e-66 5.5447551339132233e-38
6.8408688320104511e+02 1.0453275446731244e-09 5.1922322589828775e-66 6.7592795808786095e-38
7.6051370455058043e+02 1.0400461782840323e-09 9.3985547401259507e-66 9.8812308760994655e-38
8.4547900129707546e+02 1.0347795929103403e-09 8.2775859438996018e-66 8.6495658002516229e-38
9.3993669983465270e+02 1.0295251793545920e-09 1.4290571995892317e-65 1.1100987236402644e-37
1.0449473000993335e+03 1.0242898503140343e-09 2.1043482909080306e-65 1.0752888036989082e-37
1.1616897820640118e+03 1.0190673151566260e-09 2.6316360005359370e-65 8.2020489762879845e-38
1.2914748424381282e+03 1.0138423233457445e-09 4.3170346266663844e-65 7.1672785308816707e-38
1.4357596101836755e+03 1.0086267323226739e-09 5.0382205961922831e-65 5.0418364816448165e-38
1.5961640060623461e+03 1.0034257235495469e-09 7.1224966967901522e-65 -1.1796163594429236e-38
1.7744889298864396e+03 9.9823950342669464e-10 9.5809046653834357e-65 -8.5336170914888363e-38
1.9727364796663151e+03 9.9306759390613212e-10 1.4224346698418620e-64 -2.1362478342143930e-37
2.1931324296597932e+03 9.8791084703369911e-10 2.0465302756448054e-64 -3.4737378477822436e-37
2.4381512196900380e+03 9.8276881720376642e-10 2.5848546171172798e-64 -4.2043058368318180e-37
2.7105437362932876e+03 9.7764172244108211e-10 3.3873276638654816e-64 -5.3584621570101272e-37
3.0133681976021121e+03 9.7252840572367341e-10 3.1501787869967902e-64 -5.4162108095957226e-37
3.3500244887165622e+03 9.6743022404232390e-10 6.6668349237773562e-64 -7.9465440659910153e-37
3.7242923330547933e+03 9.6234629084222362e-10 9.1158550596603659e-64 -8.6524504586349321e-37
4.1403737282423863e+03 9.5727602895486921e-10 1.2500949840113337e-63 -8.7341360581109634e-37
4.6029401229786727e+03 9.5222208344681199e-10 1.7112476156336807e-63 -8.5978239809491773e-37
5.1171848645462724e+03 9.4718261758143465e-10 2.4516132545098107e-63 -6.0810793048305630e-37
5.6888815058050632e+03 9.4215584780561712e-10 3.4111191888805351e-63 -3.7026746116348276e-37
6.3244486262976661e+03 9.3714666449281622e-10 4.6002667864731955e-63 1.4235313008917944e-37
7.0310218952289215e+03 9.3215062459796429e-10 7.1737984686502801e-63 7.7037656737588732e-37
7.8165341853884447e+03 9.2715381165437535e-10 9.0163106248415854e-63 1.4373572434711880e-36
8.6898046374746664e+03 9.2216563869630147e-10 1.0109687374801773e-62 1.8510684424454764e-36
9.6606376747680370e+03 9.1719288030813576e-10 1.8533328550857691e-62 3.4848089573674012e-36
1.0739933079815462e+04 9.1223458975349618e-10 2.3212090594245411e-62 4.3506375389656476e-36
1.1939808368983679e+04 9.0729052040921681e-10 2.9823113050653096e-62 5.1038927700363228e-36
1.3273734838811695e+04 9.0236100252210676e-10 4.1524163903032550e-62 6.0497107036390509e-36
1.4756688811587699e+04 8.9744612871205049e-10 6.0075716549552461e-62 6.9412414039304582e-36
1.6405319778222492e+04 8.9254556929321066e-10 8.1255454666226694e-62 6.8448732936411102e-36
1.8238137326200176e+04 8.8766009836041878e-10 9.8039485401787391e-62 6.7740231818076232e-36
2.0275718951293431e+04 8.8278919970965398e-10 1.5358317312630715e-61 5.1127874274515925e-36
2.2540941086196595e+04 8.7793229946757982e-10 2.0554827118075334e-61 2.8704709000969655e-36
2.5059235939891212e+04 8.7308997979321978e-10 2.9289013186294328e-61 -3.5346346593035290e-37
2.7858877031344658e+04 8.6826196890921445e-10 4.4779887799595582e-61 -4.7060097163118350e-36
3.0971296623297971e+04 8.6344838881609001e-10 5.1936627542117689e-61 -8.8519908326886185e-36
3.4431438620051711e+04 8.5864848322466134e-10 7.6997415075849066e-61 -1.6940949665021713e-35
3.8278150891318684e+04 8.5386616043126698e-10 1.1181504288736454e-60 -2.5266466611693601e-35
4.2554621426862555e+04 8.4909677832672004e-10 1.3675119397551584e-60 -3.1958642983741170e-35
4.7308863218737672e+04 8.4432821300283324e-10 1.7748254497054865e-60 -3.6688582133442344e-35
5.2594253315021015e+04 8.3956717897617816e-10 2.9631113052166236e-60 -4.9546110591166873e-35
5.8470132097128990e+04 8.3482266869341262e-10 3.8648517484963049e-60 -5.3588402815892031e-35
6.5002469508951028e+04 8.3009159312905668e-10 5.5877106741842886e-60 -5.7167276066151864e-35
7.2264605717721599e+04 8.2537556090604460e-10 7.2632218916304546e-60 -5.2920536348097931e-35
8.0338074522209557e+04 8.2067401458173139e-10 9.0785715059673518e-60 -4.2207037085820154e-35
8.9313518752836579e+04 8.1598630110132187e-10 1.3727661614342515e-59 -2.9950736863227388e-35
9.9291707941146873e+04 8.1131326610585779e-10 1.8063062814415638e-59 -4.9366147669702249e-36
1.1038466968425084e+05 8.0665441920569262e-10 2.6747096034182270e-59 2.5231684816603996e-35
1.2271694740635787e+05 8.0201017260990469e-10 3.4073924684022358e-59 6.9178218964291641e-35
1.3642699863859222e+05 7.9738075291214696e-10 4.9910429424377545e-59 1.2113409605767812e-34
1.5166874951593060e+05 7.9276537473542278e-10 6.4056621528853520e-59 1.7660767287392694e-34
1.6861332294397434e+05 7.8816463398948118e-10 8.6953000141383872e-59 2.3780436398250984e-34
1.8745095983812181e+05 7.8357804386357841e-10 1.2132284172209363e-58 3.0283903497234745e-34
2.0839315500536497e+05 7.7900577255554116e-10 1.6445579183245572e-58 3.5792049482702953e-34
2.3167503164877472e+05 7.7444810540037773e-10 2.2958789217263010e-58 4.0424175797728749e-34
2.5755798115383863e+05 7.6990559531243553e-10 3.5648597271438481e-58 4.5407543729855320e-34
2.8633259779417265e+05 7.6536560502681180e-10 4.4129637019576349e-58 4.1936801571694418e-34
3.1832194130528439e+05 7.6083316450062908e-10 5.9478706464350687e-58 3.6068030290668875e-34
3.5388516395609343e+05 7.5631532516163211e-10 8.0522285650948304e-58 2.5386977302462423e-34
3.9342154284025665e+05 7.5181191131380904e-10 1.2015600783541111e-57 9.2390419504833526e-35
4.3737496265882498e+05 7.4732260141937230e-10 1.4800508427333440e-57 -1.0084932320681800e-34
4.8623889932352275e+05 7.4284835190799906e-10 2.1352038441596099e-57 -4.6793539248882009e-34
5.4056196033282578e+05 7.3838858971534885e-10 2.9094007206104733e-57 -8.5748692848951686e-34
6.0095404412398534e+05 7.3394212735211755e-10 3.4233524982133547e-57 -1.3151535283083524e-33
6.6809318755358900e+05 7.2951151384306200e-10 5.4820850866712620e-57 -1.7794162117041950e-33
7.4273317838497995e+05 7.2509425800054955e-10 7.5904099817072282e-57 -2.2698674522249007e-33
8.2571201824985386e+05 7.2069001042676002e-10 1.1398576802260591e-56 -2.8661206471460680e-33
9.1796133109978447e+05 7.1630302957072247e-10 1.3896968461681162e-56 -3.0919866476184026e-33
1.0205168227786508e+06 7.1192912507224965e-10 1.9485789691511221e-56 -3.3192559144583493e-33
1.1345299091482358e+06 7.0756971496383157e-10 2.8022395179323088e-56 -3.4155269451471296e-33
1.2612806433187847e+06 7.0322438660272755e-10 3.9027159890651529e-56 -3.1042781669272522e-33
1.4021920871217849e+06 6.9889337069671621e-10 5.1259821817654320e-56 -2.1944132188890927e-33
1.5588462881769694e+06 6.9457529364088727e-10 6.1417950353032995e-56 -8.9927762749536038e-34
1.7330020419321132e+06 6.9026416791534140e-10 9.5341315269151860e-56 7.3338272601038550e-34
1.9266146380944101e+06 6.8595982368092633e-10 1.3021148305661433e-55 3.0474551858968275e-33
2.1418578131514159e+06 6.8166985408104996e-10 1.7522022606209353e-55 5.7695671364577332e-33
2.3811481554480754e+06 6.7739402225171042e-10 2.3694711313617602e-55 8.6128405508567487e-33
2.6471722368215509e+06 6.7313257850142526e-10 3.4542810287192958e-55 1.3226610286274615e-32
2.9429167754075313e+06 6.6888542083703225e-10 4.6915556473938757e-55 1.7000238871770769e-32
3.2717021682631434e+06 6.6465249527496685e-10 6.4205551758837439e-55 2.0633400225600639e-32
3.6372197702856981e+06 6.6043445155323512e-10 8.7875653547361923e-55 2.3652956030268296e-32
4.0435733379668565e+06 6.5623032593219679e-10 1.2279962282418790e-54 2.5813682143733143e-32
4.4953251032813238e+06 6.5204046549301687e-10 1.6864242563150895e-54 2.5916351750766021e-32
4.9975469949932871e+06 6.4786475444506858e-10 2.3246022425260109e-54 2.4150823528114703e-32
5.5558775824546488e+06 6.4370309654640557e-10 3.2335312863009537e-54 2.0139495112878858e-32
6.1765853812173512e+06 6.3955575962674338e-10 4.3793326137136316e-54 9.7259842552728071e-33
6.8666392312072329e+06 6.3542231755593788e-10 6.1783255278413965e-54 -3.7200720930205344e-33
7.6337865376129663e+06 6.3130490370724048e-10 7.8914119837441269e-54 -1.8913674619736570e-32
8.4866402529197447e+06 6.2720057779568574e-10 1.1235652066901774e-53 -4.2260641258198390e-32
9.4347755766562019e+06 6.2311053197214263e-10 1.4772664370816051e-53 -6.2163674702161540e-32
1.0488837458527079e+07 6.1902513719882528e-10 2.1440561306857071e-53 -9.6331987196486607e-32
1.1660660111895449e+07 6.1494808112327990e-10 2.9109293572700727e-53 -1.2658669524030863e-31
1.2963399879422311e+07 6.1088583292920431e-10 4.0435158953565016e-53 -1.5644389481801528e-31
1.4411682942578262e+07 6.0683792190793694e-10 5.4869952306702032e-53 -1.8062903350883567e-31
1.6021769533399289e+07 6.0280408328193111e-10 7.5406931024354063e-53 -1.9740268010672057e-31
1.7811736492132358e+07 5.9878446162874229e-10 1.0068285117789631e-52 -2.0247353801207771e-31
1.9801680220389985e+07 5.9477887366108445e-10 1.4310950353651154e-52 -1.9035293511620603e-31
2.2013942308420170e+07 5.9078764028154169e-10 1.9662996229756788e-52 -1.5365885575562572e-31
2.4473360369663887e+07 5.8681086015776285e-10 2.6980819780957225e-52 -8.9735090166047531e-32
2.7207546898782648e+07 5.8284815892348893e-10 3.6952579358416142e-52 4.3422758581081577e-33
3.0247199283962648e+07 5.7889951215604423e-10 5.2680471371018058e-52 1.3525677409729730e-31
3.3626444454082042e+07 5.7496505012928668e-10 7.1131729372903285e-52 2.9766050293526775e-31
3.7383222030179739e+07 5.7104477966875782e-10 9.6922643132641342e-52 4.9310802352795731e-31
4.1559710282960571e+07 5.6713864833797179e-10 1.3245194683337452e-51 7.1402910826904824e-31
4.6202799678669497e+07 5.6324714202877096e-10 1.8057800637201031e-51 9.4080815800699675e-31
5.1364619329949394e+07 5.5936972292224288e-10 2.4907637209438974e-51 1.1710335858975350e-30
5.7103122262278408e+07 5.5550625450710979e-10 3.4167732726419647e-51 1.3690823287214391e-30
6.3482736066914566e+07 5.5164772770885433e-10 4.7669109006960245e-51 1.5232491379833223e-30
7.0575086245392993e+07 5.4779857490940270e-10 6.4549845453562177e-51 1.5651602371762875e-30
7.8459800366741866e+07 5.4396367908391950e-10 8.8805224481804956e-51 1.4843461687437018e-30
8.7225402065886021e+07 5.4014328189304470e-10 1.2230489679543599e-50 1.2367833828572108e-30
9.6970304920384735e+07 5.3633698778542612e-10 1.6815535677349335e-50 7.8944444754946074e-31
1.0780391736399889e+08 5.3254489693887826e-10 2.3218907036493858e-50 7.3911690855110073e-32
1.1984787104222955e+08 5.2876670309739570e-10 3.0886267179472376e-50 -8.4571730703464417e-31
1.3323738640087284e+08 5.2500273455508171e-10 4.5445472100333265e-50 -2.1116753688261399e-30
1.4812279083939892e+08 5.2125303312837773e-10 5.9432089970239439e-50 -3.5457161708779906e-30
1.6467120647383609e+08 5.1751768235393971e-10 8.5558244883771188e-50 -5.3348015574250500e-30
1.8306842645808464e+08 5.1379626464830703e-10 1.1085482200610605e-49 -6.9485301612535202e-30
2.0352100092959514e+08 5.1008874557462618e-10 1.5519260477909224e-49 -8.7867464941925830e-30
2.2625855599882922e+08 5.0639539820368787e-10 2.1632745099777104e-49 -1.0438188887649415e-29
2.5153637181838021e+08 5.0271612364026087e-10 3.0151594780342521e-49 -1.1678828218391015e-29
2.7963824867635864e+08 4.9905106388574102e-10 3.9771136293010093e-49 -1.1952100392589966e-29
3.1087969329239815e+08 4.9540038641775016e-10 5.7348991099228870e-49 -1.1883435643748569e-29
3.4561146108960980e+08 4.9176377651978621e-10 7.5756448770462412e-49 -9.7831296794693425e-30
3.8422349421243358e+08 4.8813163331333571e-10 1.0338892144925456e-48 -6.5188083144361707e-30
4.2714929950351155e+08 4.8451031896576697e-10 1.4303231926992224e-48 -1.4165963219707108e-30
4.7487081559219122e+08 4.8090314274374154e-10 1.9552147819665924e-48 5.6164324716560298e-30
5.2792382373868310e+08 4.7731000506728473e-10 2.7075300010572116e-48 1.4718272316834537e-29
5.8690396318272948e+08 4.7373127678420260e-10 3.7523547513773880e-48 2.5916763904211472e-29
6.5247341853262460e+08 4.7016676728885012e-10 5.0610296672291079e-48 3.8306716622602644e-29
7.2536835427554440e+08 4.6661621182839357e-10 7.0190595705796709e-48 5.2091011078738765e-29
8.0640717987824523e+08 4.6307941407200240e-10 9.6714899423360655e-48 6.5732582464342063e-29
8.9649973827250671e+08 4.5955679434245604e-10 1.3232256548038701e-47 7.7871816656431207e-29
9.9665752088667870e+08 4.5604838463145333e-10 1.8497653940579159e-47 8.8176334196105082e-29
1.1080050239100521e+09 4.5255412426376947e-10 2.5229843635067046e-47 9.2049721530028298e-29
1.2317923732895842e+09 4.4907384632211219e-10 3.4287033858339589e-47 8.9510000114488133e-29
1.3694093602030053e+09 4.4560744612237177e-10 4.7200455137664604e-47 7.6729890222894048e-29
1.5224010445880141e+09 4.4215521436012419e-10 6.4171638235924313e-47 5.3902520853663765e-29
1.6924851019121802e+09 4.3871699742369737e-10 8.9173614974271797e-47 1.6121436966204829e-29
1.8815711079401309e+09 4.3529294622886401e-10 1.2209229611259257e-46 -3.7468157779003383e-29
2.0917819780127892e+09 4.3188272916043988e-10 1.6814699087563722e-46 -1.0557678990621464e-28
2.3254778015428262e+09 4.2847700418480730e-10 2.3174393618733276e-46 -1.8823128239470438e-28
2.5852823393219771e+09 4.2508350324087216e-10 3.1795236142486578e-46 -2.8304915314174658e-28
2.8741124811321917e+09 4.2170396852921544e-10 4.3641820851741402e-46 -3.8575963702743204e-28
3.1952109943884511e+09 4.1833847869362821e-10 5.8931307718763403e-46 -4.8535088316095712e-28
3.5521829314902401e+09 4.1498722351138181e-10 8.2057928858843185e-46 -5.8331469448970033e-28
3.9490361046362214e+09 4.1165003460435969e-10 1.1262072227260717e-45 -6.5642458466885058e-28
4.3902260825226879e+09 4.0832675635830325e-10 1.5438859895466039e-45 -6.9323275528407554e-28
4.8807062141150227e+09 4.0501756130074818e-10 2.1326086341567489e-45 -6.8192935729680590e-28
5.4259832411211357e+09 4.0172221235388290e-10 2.9250849854941168e-45 -5.9565143394664222e-28
6.0321791235421944e+09 3.9844084495223080e-10 4.0433556283599806e-45 -4.2237729225404967e-28
6.7060997724312868e+09 3.9517359612448549e-10 5.5429007752122194e-45 -1.4770191299059812e-28
7.4553114615394239e+09 3.9192034445573864e-10 7.5908874951854136e-45 2.4023794885770333e-28
8.2882257757417841e+09 3.8868105196268232e-10 1.0370402743156018e-44 7.4110030503309843e-28
9.2141940499807987e+09 3.8545580596434417e-10 1.4336239811265297e-44 1.3675417050380534e-27
1.0243612359015806e+10 3.8224438440441539e-10 1.9713569958038144e-44 2.0809231508416408e-27
1.1388038236724571e+10 3.7904701752888634e-10 2.6831853426713421e-44 2.8427494413309535e-27
1.2660320435393805e+10 3.7586352489442913e-10 3.7169086036440633e-44 3.6405289721555693e-27
1.4074743181838089e+10 3.7268400647890785e-10 5.0687777759106410e-44 4.3459613712184843e-27
1.5647186549945793e+10 3.6951799880990322e-10 6.9589023204815062e-44 4.9076865012118304e-27
1.7395304750195122e+10 3.6636629754250571e-10 9.5639379797482260e-44 5.2102819357921465e-27
1.9338724337840019e+10 3.6322845309247693e-10 1.3241468936105011e-43 5.1885659110218501e-27
2.1499264565098953e+10 3.6010456931946214e-10 1.8369327031616178e-43 4.5958678896932591e-27
2.3901182351293888e+10 3.5699481050838401e-10 2.5102827931318719e-43 3.2918505408314212e-27
2.6571444621281197e+10 3.5389893695010735e-10 3.4102479943649794e-43 1.2527851526230556e-27
2.9540031069784920e+10 3.5081704340601996e-10 4.6818442740418275e-43 -1.6385790440098586e-27
3.2840270750841228e+10 3.4774888965373540e-10 6.4717618597240067e-43 -5.3988331967625968e-27
3.6509216271329071e+10 3.4469479993380472e-10 8.8399471823485321e-43 -9.9694014108567446e-27
4.0588059789748543e+10 3.4165463053238115e-10 1.2148460100465271e-42 -1.5342651663554702e-26
4.5122595490769707e+10 3.3862845796166046e-10 1.6739796290205410e-42 -2.1137245126481796e-26
5.0163733727865501e+10 3.3561630759033150e-10 2.2952487368246797e-42 -2.6980680863363837e-26
5.5768072606438087e+10 3.3261805552336033e-10 3.1625866128748542e-42 -3.2433134047499368e-26
6.1998533424742714e+10 3.2963347630385642e-10 4.4599427693732267e-42 -3.7211064858703270e-26
6.8925067106859161e+10 3.2666306057462843e-10 5.9540221066566286e-42 -3.9027834840863823e-26
7.6625439559012512e+10 3.2370404835487004e-10 8.2016516128794556e-42 -3.8384590442545865e-26
8.5186104766629227e+10 3.2075217820940264e-10 1.1290891450514674e-41 -3.4143573987933907e-26
9.4703175434608612e+10 3.1781405559845399e-10 1.5620370104324814e-41 -2.4894033951463830e-26
1.0528350206842241e+11 3.1489005180277278e-10 2.1069960431141773e-41 -9.7960042737604994e-27
1.1704587261115918e+11 3.1197973506631667e-10 2.9198665329023949e-41 1.1744527001445465e-26
1.3012234610513313e+11 3.0908355214291801e-10 3.9684823432774738e-41 3.9153957666541989e-26
1.4465973535140076e+11 3.0620113208664758e-10 5.5138946142135247e-41 7.3624012723765663e-26
1.6082125521337946e+11 3.0333287021569028e-10 7.5264095537494498e-41 1.1314860111165652e-25
1.7878835507047253e+11 3.0047808083170551e-10 1.0407149382660634e-40 1.5676677767886307e-25
1.9876275599511768e+11 2.9763736653180973e-10 1.4295385897084842e-40 2.0034743398983778e-25
2.2096871552513843e+11 2.9481065122621041e-10 1.9540701234249852e-40 2.4001679688675844e-25
2.4565554545857037e+11 2.9199755871957344e-10 2.7127941623868877e-40 2.7312041542069064e-25
2.7310041093886279e+11 2.8919844783387667e-10 3.7207367617409839e-40 2.8988709317259841e-25
3.0361144225646735e+11 2.8641337952291522e-10 5.0900311210229999e-40 2.8529974374240199e-25
3.3753119430379736e+11 2.8364197522401031e-10 7.0193687005098205e-40 2.5239360736699369e-25
3.7524049252369879e+11 2.8088474097361147e-10 9.5965495480176469e-40 1.8239389908165646e-25
4.1716270853086163e+11 2.7814088224150573e-10 1.3292171665553013e-39 7.1296429353704238e-26
4.6376851340960522e+11 2.7540677022559120e-10 1.8135938970175099e-39 -9.0046680662707994e-26
5.1558116205452820e+11 2.7268243321002032e-10 2.4917557187323038e-39 -2.9844829352153153e-25
5.7318236788257153e+11 2.6997230639016215e-10 3.4373221233941086e-39 -5.5141971722343966e-25
6.3721883387338586e+11 2.6727589292564929e-10 4.6917086797041992e-39 -8.4156939465509836e-25
7.0840951326357800e+11 2.6459327714924444e-10 6.4795797000008901e-39 -1.1640493832619243e-24
7.8755368141245972e+11 2.6192452011258531e-10 8.8585683973520747e-39 -1.4820921756858653e-24
8.7553990946412512e+11 2.5926961816877788e-10 1.2208708242935793e-38 -1.7790598959783775e-24
9.7335604055537646e+11 2.5662864273831035e-10 1.6730057896203624e-38 -2.0064519248295745e-24
1.0821002805748943e+12 2.5400211169185390e-10 2.2940140314115094e-38 -2.1233559906654851e-24
1.2029935279922346e+12 2.5138778040639144e-10 3.1741715496233686e-38 -2.0915933925726931e-24
1.3373930811868416e+12 2.4878840258572263e-10 4.3574130825028890e-38 -1.8349734756076262e-24
1.4868078771725356e+12 2.4620217992661024e-10 5.9787478285364558e-38 -1.3037574746719531e-24
1.6529154328064512e+12 2.4363090693552231e-10 8.1501506416143197e-38 -4.7254284752560252e-25
1.8375806786855554e+12 2.4107280571307726e-10 1.1286821212682004e-37 7.1470538585004039e-25
2.0428768971835449e+12 2.3852889494122245e-10 1.5532917782504484e-37 2.2611323791174121e-24
2.2711089997047358e+12 2.3599790685372782e-10 2.1364200379907581e-37 4.1476526458460153e-24
2.5248394044941934e+12 2.3348110392468476e-10 2.9171049661217500e-37 6.2958147301874932e-24
2.8069168055409819e+12 2.3097170395344998e-10 4.0152869095709949e-37 8.6295328743526112e-24
3.1205081555699043e+12 2.2847508879095944e-10 5.4990740556347066e-37 1.0945198144328350e-23
3.4691342222027656e+12 2.2599363801267120e-10 7.5745343434196673e-37 1.3079358317829140e-23
3.8567091164869688e+12 2.2352419906798020e-10 1.0372300691184520e-36 1.4678991032006385e-23
4.2875842375879688e+12 2.2106922736849107e-10 1.4342820403559015e-36 1.5518068794550616e-23
4.7665971270237148e+12 2.1862813402485096e-10 1.9639344288953922e-36 1.5070937496594728e-23
5.2991257809391484e+12 2.1620101161298716e-10 2.7043685740182611e-36 1.3080707403434480e-23
5.8911490301987578e+12 2.1378731837630042e-10 3.7055626315813635e-36 9.0512326010894060e-24
6.5493136661989150e+12 2.1138742010530378e-10 5.1299722682088695e-36 2.7600690009669500e-24
7.2810090660382969e+12 2.0900141583615151e-10 6.9790892414634853e-36 -6.1251272722258445e-24
8.0944501548815820e+12 2.0662922160985217e-10 9.5871836979572959e-36 -1.7483298243340947e-23
8.9987696369553320e+12 2.0427081251147138e-10 1.3185465935858384e-35 -3.1331944970574628e-23
1.0004120530676682e+13 2.0192615707456686e-10 1.7999169492456295e-35 -4.6858916871786606e-23
1.1121790159100998e+13 1.9959457646211159e-10 2.4933675749684202e-35 -6.3995034986174825e-23
1.2364326875488883e+13 1.9727804833060202e-10 3.4147058433834843e-35 -8.0603664691150187e-23
1.3745680946770721e+13 1.9497320183315162e-10 4.7075139700362001e-35 -9.5662128651687129e-23
1.5281361176642688e+13 1.9268117311203145e-10 6.4660304646649308e-35 -1.0667256147199185e-22
1.6988609026740387e+13 1.9039988598701883e-10 8.8584384013476453e-35 -1.1113396256642474e-22
1.8886592190791395e+13 1.8813251797470124e-10 1.2181475744361682e-34 -1.0676462386992931e-22
2.0996619795052535e+13 1.8587717182621398e-10 1.6724856466573382e-34 -9.0391134716523557e-23
2.3342381641138141e+13 1.8363624958060805e-10 2.2990534037909537e-34 -5.9454618421493681e-23
2.5950214177280602e+13 1.8140859558366181e-10 3.1579206438248360e-34 -1.1622871497235794e-23
2.8849396184146211e+13 1.7919532832468429e-10 4.3418305553241902e-34 5.4442439703565748e-23
3.2072477494944812e+13 1.7699529214664822e-10 5.9669572731397607e-34 1.3876190918619078e-22
3.5655644440455172e+13 1.7481049705367354e-10 8.1990457930465591e-34 2.3973634644134668e-22
3.9639126121907312e+13 1.7263739692875868e-10 1.1274742798210027e-33 3.5391822207517062e-22
4.4067646073049891e+13 1.7048009441376567e-10 1.5491244047543039e-33 4.7435108326084735e-22
4.8990924382319570e+13 1.6833428203212943e-10 2.1308783384641270e-33 5.9219421242684479e-22
5.4464235912568312e+13 1.6620031327795572e-10 2.9301808175665441e-33 6.9469327258305664e-22
6.0549030885614992e+13 1.6408039935259827e-10 4.0328840479695986e-33 7.6686747038765295e-22
6.7313624799079203e+13 1.6198160141574388e-10 5.5228170682058434e-33 7.8827178460270493e-22
7.4833965421363953e+13 1.5989159678648828e-10 7.6046453167198749e-33 7.4375671873397125e-22
8.3194485476028844e+13 1.5781586772368453e-10 1.0455454617866450e-32 6.1039851529396525e-22
9.2489050588856000e+13 1.5574705142037904e-10 1.4301995040303999e-32 3.6851740732222411e-22
1.0282201314043497e+14 1.5369362170840720e-10 1.9625372460228019e-32 6.8763132496840026e-24
1.1430938385614314e+14 1.5165327764031564e-10 2.6928008154109432e-32 -4.8391014071687171e-22
1.2708013428724239e+14 1.4962523989953726e-10 3.7088859178222616e-32 -1.1044849149044384e-21
1.4127764480637319e+14 1.4761273859499969e-10 5.0741634971536841e-32 -1.8342971944770280e-21
1.5706131437444875e+14 1.4561210859611914e-10 6.9691910752567248e-32 -2.6477222957199658e-21
1.7460835015219912e+14 1.4362736393198740e-10 9.5659155148521935e-32 -3.4909936819107332e-21
1.9411575704878428e+14 1.4165553937546705e-10 1.3134388869353707e-31 -4.2936378781979682e-21
2.1580254954461044e+14 1.3969469550339915e-10 1.8105541336584892e-31 -4.9717999232803582e-21
2.3991221062105794e+14 1.3775337830817858e-10 2.4841167499685700e-31 -5.3913830163972050e-21
2.6671542540411266e+14 1.3582126212065398e-10 3.4092011151166702e-31 -5.4339114174737816e-21
2.9651312021320194e+14 1.3390350263010438e-10 4.6881379601410131e-31 -4.9671624921984654e-21
3.2963984113538656e+14 1.3200158791906272e-10 6.4465608803407469e-31 -3.8479112321174934e-21
3.6646751005699319e+14 1.3010992365914018e-10 8.8684382901066400e-31 -1.9538552585477787e-21
4.0740960032260094e+14 1.2823459243336615e-10 1.2199595907575692e-30 8.0313532808156828e-22
4.5292577890249462e+14 1.2637095907576919e-10 1.6781426656572433e-30 4.4628415447957059e-21
5.0352706718740338e+14 1.2451834394038225e-10 2.3086887299406240e-30 8.9873931943022735e-21
5.5978157835200094e+14 1.2268005825275455e-10 3.1747665952485444e-30 1.4236442055091341e-20
6.2232089570198288e+14 1.2085415225482084e-10 4.3687034946437220e-30 1.9965165785337514e-20
6.9184716361599762e+14 1.1904002447936199e-10 6.0114503714563437e-30 2.5776379600056490e-20
7.6914097069418400e+14 1.1724419918587762e-10 8.2588661988429797e-30 3.1108871364977998e-20
8.5507011361940825e+14 1.1545684165369980e-10 1.1351101898763235e-29 3.5302580307963445e-20
9.5059934012514888e+14 1.1368690415045524e-10 1.5593218627383991e-29 3.7529409368457067e-20
1.0568011804568558e+15 1.1192802283719073e-10 2.1410091519999881e-29 3.6882950520196177e-20
1.1748679889341922e+15 1.1018208148892474e-10 2.9376236542465053e-29 3.2399365106246183e-20
1.3061253308077895e+15 1.0845359960956951e-10 4.0279492835668329e-29 2.3176329924355301e-20
1.4520468647080600e+15 1.0673585345652193e-10 5.5189674293706065e-29 8.4590202886170515e-21
1.6142708877749878e+15 1.0503318445747541e-10 7.5622350460688864e-29 -1.2267802806039348e-20
1.7946187292252370e+15 1.0334434834239433e-10 1.0353031993916008e-28 -3.9041086380957349e-20
1.9951151988655142e+15 1.0166454302608211e-10 1.4179263406215135e-28 -7.1359513107657966e-20
2.2180113201329472e+15 1.0000438377123709e-10 1.9425594847723385e-28 -1.0802342098967745e-19
2.4658096028917655e+15 9.8354476210015510e-11 2.6633391349460743e-28 -1.4689328165719563e-19
2.7412921397302870e+15 9.6712705257354370e-11 3.6508385910631932e-28 -1.8479320927336280e-19
3.0475518412022775e+15 9.5089951326753915e-11 5.0142738342012382e-28 -2.1783339805085720e-19
3.3880271606984255e+15 9.3481390949794265e-11 6.8899176650949505e-28 -2.4082072117302272e-19
3.7665406988128215e+15 9.1880470845822042e-11 9.4802926773622777e-28 -2.4802685312998453e-19
4.1873421206248040e+15 9.0296865582916576e-11 1.3057050745770537e-27 -2.3311902270473621e-19
4.6551558677396290e+15 8.8728040505644438e-11 1.7995428380052935e-27 -1.8968965538948370e-19
5.1752342007624630e+15 8.7163183967100741e-11 2.4809256563284914e-27 -1.1211730250936315e-19
5.7534161677268040e+15 8.5623884442657876e-11 3.4226110193207047e-27 4.0653957585607451e-21
6.3961931605304600e+15 8.4091454547346048e-11 4.7226198100789140e-27 1.6082195459304339e-19
7.1107817953973080e+15 8.2578110966178978e-11 6.5205876375628381e-27 3.5727930304789233e-19
7.9052049356121660e+15 8.1079310982783828e-11 8.9938624363645325e-27 5.8737647640091533e-19
8.7883817661902060e+15 7.9589248846125115e-11 1.2402136112760513e-26 8.4028518525440332e-19
9.7702279317725840e+15 7.8112798287651478e-11 1.7090602577190627e-26 1.0990952105292038e-18
1.0861766862020410e+16 7.6646278296275233e-11 2.3529782808463428e-26 1.3401350296132756e-18
1.2075253534385078e+16 7.5195312465517284e-11 3.2369883548818755e-26 1.5336937188874445e-18
1.3424312063770140e+16 7.3756926341017339e-11 4.4428189296004931e-26 1.6431972057971705e-18
1.4924088663837748e+16 7.2338370585758084e-11 6.0914726023513479e-26 1.6297668488290433e-18
1.6591421697294796e+16 7.0930556325746729e-11 8.3370874616858372e-26 1.4516176258454753e-18
1.8445030724353604e+16 6.9528614130691130e-11 1.1384193832386515e-25 1.0697744695151981e-18
2.0505726671863240e+16 6.8147713504250358e-11 1.5526420780059501e-25 4.5169585377853912e-19
2.2796645482730640e+16 6.6781889231740735e-11 2.1146647736492664e-25 -4.2255033144808030e-19
2.5343507868871948e+16 6.5424819515591462e-11 2.8785889824797788e-25 -1.5530643319734534e-18
2.8174908084004588e+16 6.4084591957543599e-11 3.9175413587597393e-25 -2.9144240248998933e-18
3.1322634958403424e+16 6.2740845117678977e-11 5.3348632491822813e-25 -4.4483893563114119e-18
3.4822028799958960e+16 6.1431479956557239e-11 7.2775553854637022e-25 -6.0609196973811447e-18
3.8712378168550432e+16 6.0128511859758956e-11 9.9483877232091685e-25 -7.6133607933815383e-18
4.3037360978422544e+16 5.8844876512032216e-11 1.3642857932283343e-24 -8.9291373643002263e-18
4.7845534880927808e+16 5.7570257194937656e-11 1.8768588518757952e-24 -9.7881351484130561e-18
5.3190882433284032e+16 5.6302489416575715e-11 2.5894132391240184e-24 -9.9412990175509997e-18
5.9133417174091368e+16 5.5053125628781738e-11 3.5824214814496772e-24 -9.1273255040539607e-18
6.5739857410167872e+16 5.3829130246056749e-11 4.9704215667975742e-24 -7.0887100104888082e-18
7.3084375279478272e+16 5.2591682837970374e-11 6.9046392520314031e-24 -3.6049029671743114e-18
8.1249429500062768e+16 5.1394684813072684e-11 9.6101559127764199e-24 1.4791979230822577e-18
9.0326691154454336e+16 5.0192297731808767e-11 1.3376420042665594e-23 8.2026796270691463e-18
1.0041807290358730e+17 4.9010449478462328e-11 1.8626917153988631e-23 1.6460997336271231e-17
1.1163687318543944e+17 4.7837387985242191e-11 2.5907352783927335e-23 2.5951628660295349e-17
1.2410904824460808e+17 4.6685338948822510e-11 3.5980817728210903e-23 3.6152839367149706e-17
1.3797462627420954e+17 4.5539470198670019e-11 4.9846200382464776e-23 4.6274725376561907e-17
1.5338927954702941e+17 4.4413377267779654e-11 6.8838303143673237e-23 5.5291026493526151e-17
1.7052607218661248e+17 4.3292465935189418e-11 9.4648312009229573e-23 6.1900162971557248e-17
1.8957740320097178e+17 4.2195035256280138e-11 1.2956877879761882e-22 6.4669986019122022e-17
2.1075716659382096e+17 4.1107533210926195e-11 1.7649245345312150e-22 6.2014775935685138e-17
2.3430315280543898e+17 4.0033447537123936e-11 2.3909069038191435e-22 5.2391497518974947e-17
2.6047971844473638e+17 3.8981463215307277e-11 3.2244797087972493e-22 3.4478753541237339e-17
2.8958075428626310e+17 3.7943354943899750e-11 4.3331539977856516e-22 7.3082479373180683e-18
3.2193298485460762e+17 3.6887315717581885e-11 5.8010199124087493e-22 -2.9210084479022682e-17
3.5789963664140314e+17 3.5871382388065772e-11 7.7646062075610511e-22 -7.4621785873722695e-17
3.9788451613896531e+17 3.4860846426885018e-11 1.0406401573611512e-21 -1.2701911611195556e-16
4.4233654347561984e+17 3.3867968651431136e-11 1.3997460200779815e-21 -1.8324973864801260e-16
4.9175479255297798e+17 3.2894828367366488e-11 1.8933484593804084e-21 -2.3866676294460756e-16
5.4669409427202547e+17 3.1929530727728390e-11 2.5797507792601582e-21 -2.8694186564501581e-16
6.0777126575682406e+17 3.0980171180696488e-11 3.5436799964013287e-21 -3.2044571424085730e-16
6.7567203551288960e+17 3.0049076460980051e-11 4.9110038462259058e-21 -3.3045624893485736e-16
7.5115874227064115e+17 2.9124476803587978e-11 6.8637491997320703e-21 -3.0763524874565877e-16
8.3507889395083264e+17 2.8198729055708666e-11 9.6618478174364228e-21 -2.4301355920451131e-16
9.2837468284551974e+17 2.7307447529483936e-11 1.3686199728754031e-20 -1.2886965609726834e-16
1.0320935638438788e+18 2.6413598589920118e-11 1.9460963095042949e-20 3.9817482285541189e-17
1.1474000144672292e+18 2.5553325379940630e-11 2.7744818498884634e-20 2.6448770647436472e-16
1.2755886087460703e+18 2.4694061074507382e-11 3.9518097342948208e-20 5.4045547641857833e-16
1.4180985517228447e+18 2.3854230337890523e-11 5.6123254446143812e-20 8.5698344029512139e-16
1.5765298377627308e+18 2.3021466075213286e-11 7.9254150040797057e-20 1.1945953878695421e-15
1.7526612140860160e+18 2.2206007597962175e-11 1.1107139213027517e-19 1.5264392755122178e-15
1.9484701512029230e+18 2.1409952789507000e-11 1.5419974552389125e-19 1.8169108498541207e-15
2.1661550444639542e+18 2.0616578115031970e-11 2.1162262654242690e-19 2.0219428076045443e-15
2.4081598959880417e+18 1.9848960108738603e-11 2.8721416086719019e-19 2.0961946624884757e-15
2.6772017540785920e+18 1.9083518488717860e-11 3.8513382206930098e-19 1.9895097845546824e-15
2.9763012181966592e+18 1.8339646505859538e-11 5.1058854738901229e-19 1.6583717544353510e-15
3.3088163519778089e+18 1.7608380189616263e-11 6.7039760613963558e-19 1.0698566902262483e-15
3.6784803850429117e+18 1.6885936142960274e-11 8.7209625090090060e-19 2.0796994640147117e-16
4.0894436268901146e+18 1.6177596554115427e-11 1.1283652966073330e-18 -9.1532688600441478e-16
