# k_modes  P_R(k)  P_S(k)  P_RS(k)  P_T(k)  beta_iso  cosDelta
4.8830463161682271e-05 2.8467119873280436e-09 5.6767476949943616e-82 7.1773898177794469e-46 1.0288670636789800e-11 1.9941419153971462e-73 5.6460532916056549e-01
5.4650400274798401e-05 2.8382164410935291e-09 5.0716111227600948e-82 6.6579277064264971e-46 1.0286982437585238e-11 1.7869007625105809e-73 5.5493657138606522e-01
6.1163995932345583e-05 2.8335507953871941e-09 3.7069293722562864e-82 7.1487941893183604e-46 1.0285187820684976e-11 1.3082276055509173e-73 6.9752557716496355e-01
6.8453924941097553e-05 2.8319364055971984e-09 5.1683700716279252e-82 7.4985602574572336e-46 1.0283263192957635e-11 1.8250304143175205e-73 6.1981108057815348e-01
7.6612715837346638e-05 2.8315358736465607e-09 3.0640812891174245e-82 6.6790445447391981e-46 1.0280830612426355e-11 1.0821269536562088e-73 7.1705614905772519e-01
8.5743925319469290e-05 2.8346639151534246e-09 3.0818352348348134e-82 6.3059496618953455e-46 1.0278196992945146e-11 1.0871959876301635e-73 6.7467559992726189e-01
9.5963452657121437e-05 2.8411241292163429e-09 1.2688810533610126e-81 8.6906863345564051e-46 1.0275359436519601e-11 4.4661232514012102e-73 4.5771855160442287e-01
1.0740101076040419e-04 2.8506401472588302e-09 2.8904311296411844e-82 6.4801872160531354e-46 1.0272285319023470e-11 1.0139586129173888e-73 7.1389615267571016e-01
1.2020177258076619e-04 2.8628764466439285e-09 2.9187979230388942e-82 6.4569231523716330e-46 1.0268941965480705e-11 1.0195333181285280e-73 7.0635382390869084e-01
1.3452821374084314e-04 2.8774594592176441e-09 3.0431678485401070e-82 7.0545886216607257e-46 1.0265294963303540e-11 1.0575884357959008e-73 7.5388331805820896e-01
1.5056217478108855e-04 2.8939881010204825e-09 2.1048497520392511e-82 6.2385208638842052e-46 1.0261307940610485e-11 7.2731803952374096e-74 7.9932373864413531e-01
1.6850716919858053e-04 2.9108858463099713e-09 2.5030349940970463e-82 6.4397214087420028e-46 1.0256937778654574e-11 8.5988772018320705e-74 7.5443361645714835e-01
1.8859096657313675e-04 2.9262451452745463e-09 2.7025136780896474e-82 7.1135362167098387e-46 1.0251725835373674e-11 9.2354315647607582e-74 7.9991942556551932e-01
2.1106848356746089e-04 2.9421819430670788e-09 8.5666511062549007e-83 4.3140444677645258e-46 1.0246016277223213e-11 2.9116659921189619e-74 8.5929901622223870e-01
2.3622501949578173e-04 2.9583405229599345e-09 1.5536511385110860e-82 6.5713764680185081e-46 1.0239745789000920e-11 5.2517657330285889e-74 9.6929397488912028e-01
2.6437987752893084e-04 2.9744022681225279e-09 1.3251205615133170e-82 5.7390691827279485e-46 1.0232845028964449e-11 4.4550818687673543e-74 9.1414252390885786e-01
2.9589041749856061e-04 2.9900823154990825e-09 1.0800587846966340e-82 5.1382967777387400e-46 1.0225239514154369e-11 3.6121372950107512e-74 9.0417795801460665e-01
3.3115659174133544e-04 3.0051278766959383e-09 2.3382536512138737e-82 7.5740053547934025e-46 1.0216852628353109e-11 7.7808790412763543e-74 9.0354194518786701e-01
3.7062602155499372e-04 3.0193227484548820e-09 1.7146057127433643e-82 6.9073764841758636e-46 1.0207595322498977e-11 5.6787758566744883e-74 9.6001103464088178e-01
4.1479967869996877e-04 3.0306889842188800e-09 1.9002815540793297e-82 6.9115307702663587e-46 1.0197304509782782e-11 6.2701305345889925e-74 9.1074036264941316e-01
4.6423824405990110e-04 3.0386560175580098e-09 2.2556733735096885e-82 7.6488547611677980e-46 1.0185549899905739e-11 7.4232600217856891e-74 9.2388419587909787e-01
5.1956922416930627e-04 3.0452500778192599e-09 1.5498906453121145e-82 6.4938067216802921e-46 1.0172585363158744e-11 5.0895348680920478e-74 9.4522967664498203e-01
5.8149491593601377e-04 3.0504124565698936e-09 3.8961203550856006e-83 2.8663053227658565e-46 1.0158284738341092e-11 1.2772437860638305e-74 8.3143247795335085e-01
6.5080132065183083e-04 3.0541064471011671e-09 1.4448330722604854e-82 6.4173014097836891e-46 1.0142513597821072e-11 4.7307881938164334e-74 9.6605425100696751e-01
7.2836812043387204e-04 3.0563044199164710e-09 1.2397565353260456e-82 5.7075313161863375e-46 1.0125130594532866e-11 4.0563908727388100e-74 9.2721787444587689e-01
8.1517984372406118e-04 3.0569913289660347e-09 1.6058604106572179e-82 6.5735081515694377e-46 1.0105980475550817e-11 5.2530747975669517e-74 9.3820168070191068e-01
9.1233836156660170e-04 3.0561522858851926e-09 2.0141132430989356e-82 7.4121272071688525e-46 1.0084900254742266e-11 6.5903562868941330e-74 9.4474244165997012e-01
1.0210768732743433e-03 3.0506456808160060e-09 2.0578365097005335e-82 7.8031092825058743e-46 1.0061466186363661e-11 6.7455769204573455e-74 9.8484156728450345e-01
1.1427755589992238e-03 3.0426849813261537e-09 1.3590644686409081e-82 6.2515061519286937e-46 1.0035474814264895e-11 4.4666617707119984e-74 9.7215639698500822e-01
1.2789790978794495e-03 3.0331819770487108e-09 7.3235238514880264e-83 4.6137552033892772e-46 1.0006987400402440e-11 2.4144689988609989e-74 9.7891563374814006e-01
1.4314162741151531e-03 3.0221865952515875e-09 1.3513168439957238e-82 6.2971875897183273e-46 9.9758172067989478e-12 4.4713216785452356e-74 9.8538829300732489e-01
1.6020219198256453e-03 3.0097284517115302e-09 1.2560739346504961e-82 4.0785929136754675e-46 9.9417784827665151e-12 4.1733796081709953e-74 6.6334445279819010e-01
1.7929614732013174e-03 2.9958194738828950e-09 1.6794815436997247e-82 6.8909050275472826e-46 9.9046746839978016e-12 5.6060839391064546e-74 9.7147320577897356e-01
2.0066584636582933e-03 2.9804827089924890e-09 1.7071189460176265e-82 6.9272709137606508e-46 9.8643113127929261e-12 5.7276592844073050e-74 9.7115148373674864e-01
2.2458252728553381e-03 2.9619581199197096e-09 1.5106440980787414e-82 6.5300858043184878e-46 9.8204208890875316e-12 5.1001534691506401e-74 9.7622146344942895e-01
2.5134975620119469e-03 2.9400727260690282e-09 1.0478944409841507e-82 5.5067051299293633e-46 9.7727057071769035e-12 3.5641786398434412e-74 9.9209672696347750e-01
2.8130728025015589e-03 2.9168858158595274e-09 1.7168204058151079e-80 5.6676562486623997e-45 9.7213087009567434e-12 5.8857991508632549e-72 8.0090564408238663e-01
3.1483533987753951e-03 2.8924677854708986e-09 1.7390653987883052e-82 7.0150596524126977e-46 9.6661411407573626e-12 6.0123933186871514e-74 9.8909759503938055e-01
3.5235949509611346e-03 2.8669000256354758e-09 2.4345104537966057e-79 -1.5009947545306150e-44 9.6071663640637446e-12 8.4917870592887976e-71 -5.6815532103486754e-01
3.9435602697168951e-03 2.8402752042968887e-09 1.6980712339932542e-82 6.7983071735724551e-46 9.5444148372919024e-12 5.9785447249067279e-74 9.7890967333056000e-01
4.4135798289322526e-03 2.8126950337827598e-09 1.5191967605823050e-82 6.4246660083446862e-46 9.4780038069677288e-12 5.4012139330269145e-74 9.8283863344578803e-01
4.9396194235814426e-03 2.7820590248624538e-09 4.1755550871751035e-83 3.3592074316764883e-46 9.4083535379172815e-12 1.5008865914990946e-74 9.8559057938092010e-01
5.5283558914863739e-03 2.7497977603308939e-09 1.3782270199160098e-82 5.9577094994054559e-46 9.3360368619757352e-12 5.0121032164567711e-74 9.6776200204631413e-01
6.1872618600994989e-03 2.7172089972042938e-09 8.8938974320257731e-83 4.8850621075897125e-46 9.2613468293302098e-12 3.2731738490401751e-74 9.9371651886193424e-01
6.9247005939679501e-03 2.6845843535603256e-09 1.2936006289137099e-82 5.8197983423238369e-46 9.1849333890951217e-12 4.8186253756493899e-74 9.8757320966685835e-01
7.7500321467449517e-03 2.6522811735846917e-09 1.4349755523757075e-82 6.1071481612721805e-46 9.1076380692789077e-12 5.4103447502749706e-74 9.8993441767793566e-01
8.6737321650990299e-03 2.6207251339629875e-09 1.7900045546877805e-74 -2.7319826265466798e-42 9.0304915884763946e-12 6.8301880708145286e-66 -3.9887804106001745e-01
9.7075248524577905e-03 2.5897785850257848e-09 1.3315202040871966e-82 3.1482003385474743e-46 8.9546561004415043e-12 5.1414441828583564e-74 5.3611401826485294e-01
1.0864531780248928e-02 2.5584213699728383e-09 2.7075499456485757e-82 8.1790250364551778e-46 8.8815447094434501e-12 1.0582892941037781e-73 9.8271426942984630e-01
1.2159438435447692e-02 2.5294793818600438e-09 1.8710762409237421e-82 6.7346894483252521e-46 8.8119126104971195e-12 7.3970804203505819e-74 9.7894041909037977e-01
1.3608680618361174e-02 2.5036120319729394e-09 1.2231304902402098e-82 5.4127037507671693e-46 8.7468149622188523e-12 4.8854633809869391e-74 9.7812497160381118e-01
1.5230653056531589e-02 2.4815772723084151e-09 4.5354439508060555e-83 3.3462208445252787e-46 8.6872020833421996e-12 1.8276456677035451e-74 9.9742625669312057e-01
1.7045942882622379e-02 2.4642479476668976e-09 7.7541560676772762e-83 4.3063372253364373e-46 8.6339702632348150e-12 3.1466622808872629e-74 9.8514138851070354e-01
1.9077590939740950e-02 2.4526308267981516e-09 1.0440540353999607e-83 1.5648535285905248e-46 8.5879193138628140e-12 4.2568739819801876e-75 9.7790375572034871e-01
2.1351384230855443e-02 2.4469828682833193e-09 8.8436296661002087e-83 4.5975591374421865e-46 8.5496404877794774e-12 3.6140954563790860e-74 9.8831772854303301e-01
2.3896183224264726e-02 2.4481297644124565e-09 1.2996329312529482e-82 5.5381343250604530e-46 8.5193199583829747e-12 5.3086766483755242e-74 9.8182913305998787e-01
2.6744288169496012e-02 2.4587368598903545e-09 1.2397095812467738e-82 5.4117756724030746e-46 8.4970277761548610e-12 5.0420587964100306e-74 9.8022050053294485e-01
2.9931849073150538e-02 2.4801465773081132e-09 7.2327446165455345e-83 3.5347259712259621e-46 8.4822377822118674e-12 2.9162569191357103e-74 8.3457526929436798e-01
3.3499324538378505e-02 2.5137072180893100e-09 1.1005925466206842e-82 4.9969725377364496e-46 8.4740354753325621e-12 4.3783641097918073e-74 9.5002784142079033e-01
3.7491995291872832e-02 2.5607679379261312e-09 2.5061102812442590e-82 7.6788946754370721e-46 8.4713750265770721e-12 9.7865575561441249e-74 9.5854721544333477e-01
4.1960538916402092e-02 2.6226474306259699e-09 1.3020828093817272e-82 5.2412951274069285e-46 8.4732739867866046e-12 4.9647649706043326e-74 8.9691101265912843e-01
4.6961673083762485e-02 2.7005303540355637e-09 8.0823538470708801e-83 3.6670416015335145e-46 8.4788586509509408e-12 2.9928765047920813e-74 7.8491454216331324e-01
5.2558875452481481e-02 2.7944288673792333e-09 2.5091035174818187e-82 7.6979596046933022e-46 8.4873162515396704e-12 8.9789493186670093e-74 9.1932656264769674e-01
5.8823189367684721e-02 2.9055682829930969e-09 1.9215368277558145e-82 5.5421786419050062e-46 8.4979129149892560e-12 6.6132908973537959e-74 7.4172107836879142e-01
6.5834125589594034e-02 3.0343608153076598e-09 2.0370591721622390e-82 5.8004337041409943e-46 8.5096233619415111e-12 6.7133056882548018e-74 7.3777686811465570e-01
7.3680671495984049e-02 3.1798183257108151e-09 2.0974059691564845e-82 1.9514291855407724e-46 8.5215571167062072e-12 6.5959930861384395e-74 2.3895184723644455e-01
8.2462420568052905e-02 3.3393783231467014e-09 4.7718895869681654e-82 4.1907929915854555e-46 8.5333042430374120e-12 1.4289754335087156e-73 3.3198480309898343e-01
9.2290836495878881e-02 3.5076354194071973e-09 5.1647794564811842e-82 2.7251753812717384e-47 8.5451227361042295e-12 1.4724390761666019e-73 2.0247030771331304e-02
1.0329066794831505e-01 3.6741537606246413e-09 8.7985682621420311e-82 1.1582725713168308e-45 8.5575703702488939e-12 2.3947196648205030e-73 6.4420798638397259e-01
1.1560153196450317e-01 3.8207087963897129e-09 4.8842955563371128e-81 -3.8345638023061730e-45 8.5709421953399474e-12 1.2783742013922681e-72 -8.8765260349077790e-01
1.2937968606444708e-01 3.9201599226962571e-09 1.1683120495213990e-81 6.1575655226368499e-47 8.5854287494998891e-12 2.9802662966816989e-73 2.8772508148566533e-02
1.4480001157142819e-01 3.9372779685470694e-09 2.7454265829688311e-81 1.6431749923192883e-45 8.6007763159630077e-12 6.9729051514794263e-73 4.9978228824995402e-01
1.6205823331988556e-01 3.8385490486674375e-09 3.1457056321328823e-81 9.6983174371163871e-46 8.6165882547924469e-12 8.1950382612016436e-73 2.7909612570388814e-01
1.8137340392274293e-01 3.6131448083124290e-09 7.3630379257631946e-81 2.0046390246659979e-45 8.6330845465882229e-12 2.0378474476925842e-72 3.8865564327271235e-01
2.0299068413012175e-01 3.2965531786641371e-09 6.7518980120508995e-81 5.5581330713356294e-46 8.6507923238921142e-12 2.0481689953465191e-72 1.1781103205030787e-01
2.2718445456957112e-01 2.9772876838578705e-09 7.9139541808181677e-81 2.1471044371535390e-45 8.6698763719803963e-12 2.6581086616942333e-72 4.4232960060562071e-01
2.5426179836404972e-01 2.7597006737124827e-09 9.5004798481084771e-81 6.4155415144527017e-46 8.6899699226238550e-12 3.4425761962539118e-72 1.2529379371933330e-01
2.8456639883132057e-01 2.6844036429948248e-09 1.7706673072700197e-80 2.5752003507418819e-45 8.7107333358678566e-12 6.5961291324079515e-72 3.7352410059185759e-01
3.1848290173690458e-01 2.6746542611894899e-09 2.1197079010394471e-80 1.8385793625870157e-45 8.7319904505423951e-12 7.9251659992000481e-72 2.4418025684119754e-01
3.5644179746914961e-01 2.6037040134079373e-09 2.4923049369944608e-80 1.6247526133438629e-45 8.7536145326806536e-12 9.5721515355054960e-72 2.0169301081077937e-01
3.9892488510417301e-01 2.4468564359950601e-09 4.3203803537626816e-80 1.8988879948334041e-45 8.7761264449431437e-12 1.7656860820302756e-71 1.8468605862227516e-01
4.4647138771415107e-01 2.3024978732553628e-09 5.7632247318371392e-80 4.3830320095668012e-46 8.7990373181702578e-12 2.5030315114640534e-71 3.8048912291912443e-02
4.9968479653844144e-01 2.2139662929384816e-09 9.8359915543418726e-80 4.5619038241786004e-46 8.8213522624535566e-12 4.4427015829979395e-71 3.0913739945551869e-02
5.5924053088822334e-01 2.1200110354063622e-09 9.1164367856068882e-80 2.5426669177179441e-45 8.8422857614205207e-12 4.3001836468551479e-71 1.8289753373153667e-01
6.2589451100916360e-01 2.0226128949291008e-09 1.3352541953892804e-79 6.6490232088878897e-46 8.8615718400855069e-12 6.6016299942361708e-71 4.0459404602259358e-02
7.0049275271448375e-01 1.9588282977723478e-09 2.4668184917508899e-79 4.1765901760536995e-46 8.8791698310177171e-12 1.2593337019667560e-70 1.9000064720080510e-02
7.8398210556975279e-01 1.9124259703425734e-09 7.2579125611172741e-79 1.2484649145231432e-46 8.8948784436112460e-12 3.7951338633082683e-70 3.3510287949774140e-03
8.7742227092547997e-01 1.8806535434975742e-09 3.5146520472966067e-79 1.9088853923932202e-45 8.9087708057439966e-12 1.8688461037646406e-70 7.4247919401599749e-02
9.8199925233820162e-01 1.8595577009968095e-09 3.3422055533418891e-79 -2.3567797850795488e-45 8.9205953405950997e-12 1.7973120982211582e-70 -9.4536081465480426e-02
1.0990404091015915e+00 1.8432914893256821e-09 8.1051348731175329e-79 2.9240301053390305e-45 8.9298848738407071e-12 4.3970988419648024e-70 7.5649264112942066e-02
1.2300313039568336e+00 1.8291421761127337e-09 1.2149671701414072e-78 3.1575057000832371e-45 8.9368040351146574e-12 6.6422784735270701e-70 6.6978919907241863e-02
1.3766345588243916e+00 1.8149902512703875e-09 1.6794961932916618e-78 -2.6927909979759984e-45 8.9418261216177767e-12 9.2534722548295352e-70 -4.8772608836667668e-02
1.5407109578864298e+00 1.8005065114198911e-09 2.8245013303826969e-78 7.5958808203612626e-45 8.9452794285586200e-12 1.5687259737568385e-69 1.0651478670945290e-01
1.7243430658739760e+00 1.7876883083547940e-09 2.6252719390351092e-78 -2.1693224894226003e-45 8.9473964145360610e-12 1.4685288966571257e-69 -3.1665844185412524e-02
1.9298616613375394e+00 1.7847628941385881e-09 3.2524314125744046e-78 -1.2492754843308981e-45 8.9483797467066504e-12 1.8223324920390523e-69 -1.6396980490455848e-02
2.1598753204095242e+00 1.7824324658336644e-09 5.4261017076222028e-78 -8.4846204208830728e-45 8.9485376019539731e-12 3.0442116667148742e-69 -8.6274392710232461e-02
2.4173035265548029e+00 1.7767509154439866e-09 9.4491161342810735e-78 9.6373910730003337e-45 8.9482433840665330e-12 5.3181996711789307e-69 7.4379047960215244e-02
2.7054137265600846e+00 1.7716644622943327e-09 1.4810199369836408e-77 4.6024808218790290e-45 8.9476878159648800e-12 8.3594832345719528e-69 2.8413242515791085e-02
3.0278628031008199e+00 1.7669375590357018e-09 1.9745037930693182e-77 2.5518071513780634e-44 8.9470386117328270e-12 1.1174723084990590e-68 1.3661810681037739e-01
3.3887434902825553e+00 1.7615731607349462e-09 2.3241489971514161e-77 -8.4082340292212530e-45 8.9463860328259711e-12 1.3193599045195247e-68 -4.1554921422352405e-02
3.7926363212930627e+00 1.7553393867302856e-09 2.4843765059512003e-77 1.7364057922384245e-45 8.9457704508572806e-12 1.4153254491593847e-68 8.3149945749581705e-03
4.2446677675187576e+00 1.7484794496844945e-09 4.9857023333856390e-77 -5.4899781737042433e-45 8.9452157093309993e-12 2.8514503469201696e-68 -1.8594186335874178e-02
4.7505753070650023e+00 1.7411718880756733e-09 3.5910247702624287e-76 -7.1329487378935306e-43 8.9445888328934329e-12 2.0624183027852553e-67 -9.0206758923212338e-01
5.3167802485724245e+00 1.7335111984940593e-09 1.0078299869554669e-76 -3.9794663913971245e-44 8.9438452190791908e-12 5.8138071898871596e-68 -9.5206780057783685e-02
5.9504692346566364e+00 1.7256862542919653e-09 1.4878813556101230e-76 -1.2696449440628913e-44 8.9431569566825404e-12 8.6219690972771196e-68 -2.5056315956634965e-02
6.6596854594662638e+00 1.7178299856512760e-09 1.7250474475606795e-76 -6.6660070115940929e-44 8.9425171114977242e-12 1.0042014995486687e-67 -1.2245461410480850e-01
7.4534307581519030e+00 1.7099970312849102e-09 2.5658821501361088e-76 9.2856821939282213e-45 8.9419079890808539e-12 1.5005184823087542e-67 1.4018378591544063e-02
8.3417798640323699e+00 1.7022093268872763e-09 3.5014632927235832e-76 -1.9187973332410111e-44 8.9413266552231661e-12 2.0570109900211216e-67 -2.4854088154507674e-02
9.3360082836846221e+00 1.6944770379568521e-09 5.5980443397350666e-76 2.8831116745803154e-44 8.9407825200243103e-12 3.3037003242516732e-67 2.9602299868429764e-02
1.0448735413031471e+01 1.6867977426446861e-09 5.0900334959007354e-74 -8.9394945816521684e-42 8.9402639104499495e-12 3.0175719158363379e-65 -9.6476411170293674e-01
1.1694084710949898e+01 1.6791381748588150e-09 1.3949209129915015e-75 -2.5128672643241560e-44 8.9396280984589598e-12 8.3073622759412814e-67 -1.6419182812951592e-02
1.3087862963427908e+01 1.6714794461916906e-09 1.6063725389775213e-75 -4.8884147392161751e-44 8.9388401658433614e-12 9.6104833513657065e-67 -2.9832825580475623e-02
1.4647760913607579e+01 1.6638546045628122e-09 2.4574541916816072e-75 -3.0593958043165653e-45 8.9380817958345119e-12 1.4769645045561647e-66 -1.5129872379100692e-03
1.6393577804241794e+01 1.6562586557262550e-09 3.0611542411112805e-75 -4.1313333467043811e-44 8.9373519112041387e-12 1.8482344110491551e-66 -1.8347781165429750e-02
1.8347472682603925e+01 1.6486879316231679e-09 4.0074739393791216e-75 2.5365721571803517e-44 8.9366504993860759e-12 2.4307049639367952e-66 9.8683066914918155e-03
2.0534245657576712e+01 1.6411405307693614e-09 6.0641072561349336e-75 7.7067001744894053e-45 8.9359805865441431e-12 3.6950566648257108e-66 2.4429362876910807e-03
2.2981652678818190e+01 1.6336155201472597e-09 8.2972488040880687e-75 2.2174764000381331e-44 8.9353433443481177e-12 5.0790707493646520e-66 6.0230577112401033e-03
2.5720757833388074e+01 1.6261137793455285e-09 1.0270422573738239e-74 -4.7500709259614991e-44 8.9347449442795347e-12 6.3159310893188773e-66 -1.1623327453049172e-02
2.8786327631412711e+01 1.6186039396787073e-09 1.5168281346243168e-74 4.7288362994880246e-45 8.9340286094451498e-12 9.3712124222643807e-66 9.5436783908359754e-04
3.2217272285319766e+01 1.6110842328724583e-09 2.0545204888307333e-74 -2.6909060344276876e-45 8.9331743392971962e-12 1.2752408886577314e-65 -4.6771809332469172e-04
3.6057139583646673e+01 1.6035899808143198e-09 2.3997348017307820e-74 2.1925103164627927e-44 8.9323584051386427e-12 1.4964765497675233e-65 3.5343809160838756e-03
4.0354667627991446e+01 1.5961214794201140e-09 4.6523840589297079e-74 -2.3064166203600803e-45 8.9315807042873722e-12 2.9148057456253035e-65 -2.6764985255065677e-04
4.5164403448804052e+01 1.5886778322269143e-09 6.5311776710308951e-74 -2.1487838771485681e-44 8.9308351626316336e-12 4.1110774875456513e-65 -2.1094977659517496e-03
5.0547395351893535e+01 1.5812598230494123e-09 9.7454170647465242e-74 -2.7753669428549148e-44 8.9301257334878755e-12 6.1630713199003430e-65 -2.2357260029245937e-03
5.6571967783364578e+01 1.5738676847674076e-09 1.1993624179913642e-73 -2.1577397974727884e-44 8.9294540419766744e-12 7.6204780719454883e-65 -1.5705065230177434e-03
6.3314588548075562e+01 1.5665021263945316e-09 1.7214728460591115e-73 -5.9568404340668314e-46 8.9288248911313446e-12 1.0989278706063816e-64 -3.6274412229369860e-05
7.0860839388919075e+01 1.5591306614860742e-09 2.6227578986123413e-73 4.1871873038091049e-44 8.9280720760518873e-12 1.6821924957286634e-64 2.0706277521672098e-03
7.9306502246152633e+01 1.5517533168406786e-09 3.2304466744773178e-73 -2.8616307832496043e-44 8.9271903342800159e-12 2.0818042658058606e-64 -1.2781180542049573e-03
8.8758774984290440e+01 1.5444019186264093e-09 4.8210173026711311e-73 -1.4792975319068191e-44 8.9263483695895874e-12 3.1216079470808626e-64 -5.4213322151970230e-04
9.9337632017355673e+01 1.5370756361630289e-09 5.8285264733107118e-73 6.3032458607513263e-45 8.9255422585645477e-12 3.7919581419300518e-64 2.1058975592653004e-04
1.1117734710243708e+02 1.5297743244002086e-09 8.0240936858231999e-73 3.7515762598930586e-45 8.9247719444775565e-12 5.2452793577701557e-64 1.0707845589190399e-04
1.2442819762983922e+02 1.5224978638898955e-09 1.3448005987454348e-72 -5.4635920456636410e-44 8.9240375291245085e-12 8.8328570478880400e-64 -1.2074550471429782e-03
1.3925837204178927e+02 1.5152465601807217e-09 1.6790104731344660e-72 1.0844349232553718e-44 8.9233415775568661e-12 1.1080774028843282e-63 2.1499835608772904e-04
1.5585610458990311e+02 1.5080206076495119e-09 2.5757999887460925e-72 -4.1622673270713835e-44 8.9226861877870850e-12 1.7080668365407045e-63 -6.6783667207164789e-04
1.7443206452714728e+02 1.5007880914630328e-09 3.6420491909679098e-72 -9.6085329913758476e-45 8.9219023454293468e-12 2.4267577892475702e-63 -1.2996442645004844e-04
1.9522203005947580e+02 1.4935510569312230e-09 5.1389233509909606e-72 -7.7902551259793932e-45 8.9209944830852087e-12 3.4407416654036785e-63 -8.8921253045197736e-05
2.1848988099668722e+02 1.4863393991082617e-09 7.0329622531447666e-72 -8.5992032666111040e-44 8.9201266846712515e-12 4.7317337193404380e-63 -8.4106599918911133e-04
2.4453094808717475e+02 1.4791520215396870e-09 1.0003014742025217e-71 -2.1425258501557942e-44 8.9192927182243984e-12 6.7626684724487104e-63 -1.7613846626477925e-04
2.7367576154851389e+02 1.4719891630611014e-09 1.2704156115933345e-71 -5.2614877805049282e-44 8.9184944042295974e-12 8.6306043785772105e-63 -3.8475418180744709e-04
3.0629424637268369e+02 1.4648510951963377e-09 1.7810989192439477e-71 3.2690593822690382e-43 8.9177338065736370e-12 1.2158907653376348e-62 2.0238673745344607e-03
3.4280041765547327e+02 1.4577373515607237e-09 2.7992481407599477e-71 9.7600593715472074e-44 8.9170085889051365e-12 1.9202692019676508e-62 4.8316127584693873e-04
3.8365763554625818e+02 1.4506488033961850e-09 3.3913212964858687e-71 -7.2202382662982933e-45 8.9163247897761652e-12 2.3377962250727262e-62 -3.2552617772027547e-05
4.2938448651739952e+02 1.4435528936858869e-09 4.9578313145523041e-71 7.0777884047769459e-44 8.9155031441859110e-12 3.4344646020508856e-62 2.6456680401036516e-04
4.8056136560217260e+02 1.4364548729893326e-09 8.4796214472879309e-71 -2.1079313242401195e-42 8.9145664699935928e-12 5.9031589552419594e-62 -6.0397954666534942e-03
5.3783784314729155e+02 1.4293814951492838e-09 9.6143022842719751e-71 -1.9192540336656395e-43 8.9136667000501188e-12 6.7261975315189477e-62 -5.1772543058450449e-04
6.0194090958364552e+02 1.4223326032270313e-09 1.4162527007433429e-70 -8.4759249223974608e-44 8.9128032299539540e-12 9.9572540032486482e-62 -1.8884963207456393e-04
6.7368420286327557e+02 1.4153078792543765e-09 1.7906513690872970e-70 -1.2981726459949865e-43 8.9119744372696522e-12 1.2652027133705083e-61 -2.5787038699270676e-04
7.5397833568323063e+02 1.4083073984286458e-09 2.2256411243520117e-70 -8.4315418779708427e-43 8.9111811710982640e-12 1.5803659959717078e-61 -1.5060198715249591e-03
8.4384245357617237e+02 1.4013313835994362e-09 3.3245244506142265e-70 -5.4120629286593344e-43 8.9104254155223154e-12 2.3724041932714794e-61 -7.9291685153086997e-04
9.4441717057055746e+02 1.3943803859288910e-09 5.5554926570272552e-70 5.6046825538502774e-43 8.9097113631791258e-12 3.9842016662665300e-61 6.3679419819262658e-04
1.0569790466082363e+03 1.3874214715562021e-09 8.0494693597052749e-70 1.5911796655351098e-42 8.9088506690660498e-12 5.8017477203063489e-61 1.5056755170876548e-03
1.1829567904763010e+03 1.3804600918437798e-09 9.9139986540442309e-70 -9.7190220513255774e-43 8.9078666383053667e-12 7.1816626301763101e-61 -8.3078034203186327e-04
1.3239493939113690e+03 1.3735278323895436e-09 1.6870564828245372e-69 1.6392129561136552e-42 8.9069500494894585e-12 1.2282652328126063e-60 1.0768416242052797e-03
1.4817464270461819e+03 1.3666164455903999e-09 2.4036868039006042e-69 5.2793718561056090e-42 8.9060475482105832e-12 1.7588598554162528e-60 2.9128625502063670e-03
1.6583507528015923e+03 1.3597315151611572e-09 3.0110577160681449e-69 1.5829287792548549e-42 8.9051959928747912e-12 2.2144501929200857e-60 7.8230346391793188e-04
1.8560039485297805e+03 1.3528686009499033e-09 3.7573515333936863e-69 -1.5665556688201902e-42 8.9043668537284441e-12 2.7773218557630056e-60 -6.9482767703251660e-04
2.0772147575768436e+03 1.3460303954982212e-09 5.5993235356717391e-69 -7.9526387715032163e-43 8.9035781312159614e-12 4.1598789703401901e-60 -2.8967835228021696e-04
2.3247909318905158e+03 1.3392169278953027e-09 7.6757701923814321e-69 -1.2112042184427848e-42 8.9028309228329965e-12 5.7315361182333475e-60 -3.7777301106981616e-04
2.6018748698401905e+03 1.3323950336424655e-09 1.0365234472033334e-68 1.4085328634514380e-41 8.9019281110591313e-12 7.7794004107754258e-60 3.7901894313755575e-03
2.9119835015877143e+03 1.3255749264595843e-09 1.7238645615739751e-68 -1.9918973591282907e-42 8.9009244077582224e-12 1.3004655769841423e-59 -4.1669015975105781e-04
3.2590529282601015e+03 1.3187793651001534e-09 2.0409494734385808e-68 9.7793396621772608e-42 8.8999599715540108e-12 1.5476049500392227e-59 1.8849825423680416e-03
3.6474883815136914e+03 1.3120074533259463e-09 3.0236715716023199e-68 3.4883253917908048e-42 8.8990290502064734e-12 2.3046146299987056e-59 5.5383644351246432e-04
4.0822201376091234e+03 1.3052594526393296e-09 4.6863162937908432e-68 -4.2700702363193949e-42 8.8981337890884698e-12 3.5903331589093422e-59 -5.4597253540347214e-04
4.5687660956950640e+03 1.2985350181848478e-09 5.9157759005084215e-68 4.2226326650467572e-42 8.8972723183843010e-12 4.5557307409220014e-59 4.8178204759759773e-04
5.1133018145851584e+03 1.2918348043454388e-09 9.6506230840504546e-68 -2.7701992817557604e-42 8.8964496729623225e-12 7.4704776892431998e-59 -2.4810175980537533e-04
5.7227388969804870e+03 1.2851587190632360e-09 1.1558018784901479e-67 -1.6622944905711674e-41 8.8956660084694041e-12 8.9934563050128349e-59 -1.3639168162072495e-03
6.4048127160415670e+03 1.2784743679457822e-09 1.6332203224061277e-67 -1.2333394147242950e-41 8.8947218766640311e-12 1.2774760005789883e-58 -8.5352099910986762e-04
7.1681805977924605e+03 1.2717931730288466e-09 2.6551041675856857e-67 -9.0987581823027141e-42 8.8936810327602279e-12 2.0876855009863014e-58 -4.9514579599626164e-04
8.0225317055523092e+03 1.2651362001957162e-09 3.1667698794674828e-67 1.2857331014189301e-41 8.8926787404566134e-12 2.5031058940354283e-58 6.4235325761713901e-04
8.9787100211193283e+03 1.2585027239944865e-09 4.8815489937860117e-67 1.4381412943494257e-41 8.8917102828581064e-12 3.8788545314323830e-58 5.8022394891549701e-04
1.0048851983664250e+04 1.2518931311587537e-09 7.2300984586448909e-67 -7.4441590857287514e-42 8.8907787793723240e-12 5.7753319981496370e-58 -2.4743430518989944e-04
1.1246540533336474e+04 1.2453072781194768e-09 9.8295399476108919e-67 3.8294913567643870e-42 8.8898836999776033e-12 7.8932646747671458e-58 1.0945515857289960e-04
1.2586977514804476e+04 1.2387444817257574e-09 1.4600849292684084e-66 -3.1107481621041418e-42 8.8890207712695161e-12 1.1786812783490995e-57 -7.3145047731763371e-05
1.4087176628988858e+04 1.2322064055457581e-09 1.8098016921791526e-66 1.0772608643066726e-40 8.8882026262771878e-12 1.4687488102917070e-57 2.2812015429755778e-03
1.5766179382057357e+04 1.2256589471781686e-09 2.6912860952603002e-66 -1.3189048621019432e-43 8.8872097084888064e-12 2.1957870918793853e-57 -2.2964062254345035e-06
1.7645296772647365e+04 1.2191168987666684e-09 3.7552664405062065e-66 -6.3084367006451765e-42 8.8861309289104200e-12 3.0803169444253119e-57 -9.3234940063161533e-05
1.9748379784967925e+04 1.2125988338607781e-09 5.7201353336086619e-66 2.0676229519687603e-41 8.8850906334695685e-12 4.7172528736452723e-57 2.4826163965141994e-04
2.2102122121056131e+04 1.2061040916521380e-09 7.5726524395296909e-66 4.5055613337676267e-41 8.8840843699310751e-12 6.2786060439912503e-57 4.7144658955863058e-04
2.4736399014663381e+04 1.1996325472967443e-09 1.0290011024795031e-65 7.6041652889819282e-41 8.8831115502567739e-12 8.5776357501991540e-57 6.8441498283097204e-04
2.7684646427218315e+04 1.1931847809801693e-09 1.5529122176592238e-65 1.3703085332679782e-41 8.8821768962879097e-12 1.3014851030730950e-56 1.0066791091818067e-04
3.0984285438869152e+04 1.1867605463655118e-09 2.1367715512219483e-65 7.5607262467727128e-41 8.8812793062501439e-12 1.8005077416551067e-56 4.7479148032901074e-04
3.4677197221253438e+04 1.1803599273726477e-09 2.5423124807619997e-65 -7.5559430934916625e-42 8.8804201668557125e-12 2.1538451296130576e-56 -4.3618124239777098e-05
3.8810254620659594e+04 1.1739499614635734e-09 4.2588341312389866e-65 4.2886281029083460e-41 8.8793793997284438e-12 3.6277816525752613e-56 1.9179983588256288e-04
4.3435917098780592e+04 1.1675467873964165e-09 5.9080055028611019e-65 2.0346201979344146e-40 8.8782582697101295e-12 5.0601873660547022e-56 7.7468609235704553e-04
4.8612896582436180e+04 1.1611673243507687e-09 8.3331089884636432e-65 -6.5619057450224966e-41 8.8771750736738271e-12 7.1764928393268795e-56 -2.1094976885369356e-04
5.4406902673662647e+04 1.1548110787338401e-09 1.0520463380005691e-64 -1.3669377732802327e-41 8.8761265904427303e-12 9.1101164283430273e-56 -3.9217132854075642e-05
6.0891476678863168e+04 1.1484781095458115e-09 1.4531632641807238e-64 8.8956745909153858e-41 8.8751135091220922e-12 1.2652946992219174e-55 2.1775108199861165e-04
6.8148925043060750e+04 1.1421684545797795e-09 1.8521008693943719e-64 -2.6844117917465217e-40 8.8741367129917707e-12 1.6215654196786471e-55 -5.8364899149565227e-04
7.6271364037010266e+04 1.1358817342727064e-09 3.2378086237282437e-64 4.8280142406304189e-40 8.8731939583673563e-12 2.8504804030512734e-55 7.9611608155249157e-04
8.5361888957021991e+04 1.1296192565545515e-09 4.5667254489074343e-64 5.2847543012484716e-39 8.8722960942622373e-12 4.0427121106596487e-55 7.3579410828925624e-03
9.5535882677739239e+04 1.1233462132626939e-09 5.8821969659438480e-64 1.0829988080418357e-40 8.8711996059224470e-12 5.2363170823884727e-55 1.3322980259414396e-04
1.0692248016688187e+05 1.1170823001024537e-09 8.3442761404131485e-64 -3.5081556984261342e-41 8.8700361371027831e-12 7.4697058038139614e-55 -3.6336403592275789e-05
1.1966620755052811e+05 1.1108394719240628e-09 1.2665539682910819e-63 -1.8351981594193150e-40 8.8688912731011985e-12 1.1401773166174130e-54 -1.5471964610026454e-04
1.3392881653302262e+05 1.1046240814514812e-09 1.7650358805014973e-63 -1.4075827564369921e-40 8.8678164488419234e-12 1.5978611277261239e-54 -1.0080682007857640e-04
1.4989133745516508e+05 1.0984295300190889e-09 2.2032432996548880e-63 -1.4204255465620696e-40 8.8667590784983810e-12 2.0058121522066136e-54 -9.1306384375893700e-05
1.6775637704943371e+05 1.0922579177051600e-09 3.4715966036723655e-63 -4.1380370030557298e-40 8.8657365263618278e-12 3.1783670755769931e-54 -2.1250401586794525e-04
1.8775069005685239e+05 1.0861092763768089e-09 4.8523036960180949e-63 -2.1689133809150669e-39 8.8647497836623210e-12 4.4676017428053552e-54 -9.4478167101818774e-04
2.1012805734614097e+05 1.0799844356831230e-09 6.0566904056964906e-63 3.5873688322830710e-39 8.8638065324442830e-12 5.6081274929350713e-54 1.4026509004963447e-03
2.3517250706611510e+05 1.0738487807581494e-09 8.6412943844802182e-63 -1.5286586691167786e-39 8.8626536323974973e-12 8.0470309594050718e-54 -5.0182184067480435e-04
2.6320191971630417e+05 1.0677240775846135e-09 1.3190579452980599e-62 -2.1634739895379764e-39 8.8614444512533717e-12 1.2353921513899072e-53 -5.7648793546042948e-04
2.9457206289369601e+05 1.0616221160223430e-09 1.6409233115668621e-62 -2.9970761596158858e-39 8.8602688102448264e-12 1.5456755156109870e-53 -7.1807310042220826e-04
3.2968110692724719e+05 1.0555430766947454e-09 2.7156061022002962e-62 -4.7859851831601823e-40 8.8591283703293448e-12 2.5727098800209627e-53 -8.9392273142735996e-05
3.6897467871553887e+05 1.0494870530305385e-09 3.6193884573620669e-62 7.7707964659103895e-40 8.8580243207890335e-12 3.4487213986209588e-53 1.2608383002365853e-04
4.1295151791418396e+05 1.0434534112192345e-09 5.0829332516626919e-62 -4.6278467716562490e-39 8.8569520445250956e-12 4.8712603715804457e-53 -6.3545563625790503e-04
4.6216980726500740e+05 1.0374432939832112e-09 7.1445116619885334e-62 8.5384145058405681e-40 8.8559216779489662e-12 6.8866527003683657e-53 9.9176499524783137e-05
5.1725425741566782e+05 1.0314558781743201e-09 9.9372508910394528e-62 -1.5256480472698497e-39 8.8549279565201641e-12 9.6341987101071314e-53 -1.5069397973597258e-04
5.7890403615487600e+05 1.0254575850146289e-09 1.4145587944507657e-61 2.9691785078486828e-39 8.8537140453421304e-12 1.3794415440698954e-52 2.4652839929157824e-04
6.4790164270623447e+05 1.0194720847387421e-09 1.9956146190300269e-61 3.3697186486952015e-39 8.8524559627629878e-12 1.9574980511030264e-52 2.3624772433012025e-04
7.2512283971904230e+05 1.0135089152572782e-09 2.8079568983341730e-61 -4.9082152976179474e-39 8.8512292345321224e-12 2.7705300427686680e-52 -2.9094747966515482e-04
8.1154776901933667e+05 1.0075687294851094e-09 3.9419055920308936e-61 3.7751372825253695e-39 8.8500399193907833e-12 3.9122944933446842e-52 1.8942718250435840e-04
9.0827339220958611e+05 1.0016510050565924e-09 5.5117146708922359e-61 -4.5003169375789438e-39 8.8488838338572383e-12 5.5026298012657899e-52 -1.9153207831725514e-04
1.0165274140212100e+06 9.9575629936869983e-10 7.7786505294599731e-61 6.0120389614121477e-39 8.8477663691850377e-12 7.8118014763166101e-52 2.1601958376080745e-04
1.1376838651442141e+06 9.8988345624164182e-10 1.0801295010270080e-60 9.5261670579886256e-39 8.8466782576536250e-12 1.0911683534221387e-51 2.9133203763307986e-04
1.2732805423213821e+06 9.8403392212518566e-10 1.5100764027549856e-60 2.9403381994271415e-39 8.8456340713827098e-12 1.5345775880304240e-51 7.6276857177958035e-05
1.4250385270680815e+06 9.7817317469610555e-10 2.1542705671492470e-60 2.3782398915667634e-38 8.8443560469130018e-12 2.2023406722623793e-51 5.1808099510197161e-04
1.5948840307620128e+06 9.7232641173406775e-10 2.9143939977401271e-60 4.9500327518424842e-39 8.8430412746718635e-12 2.9973411835461038e-51 9.2988212440128746e-05
1.7849728433750346e+06 9.6650234772710687e-10 4.2269612726459841e-60 3.8429887476387971e-38 8.8417625935400344e-12 4.3734619813251315e-51 6.0124782974694635e-04
1.9977176961663284e+06 9.6070075543313964e-10 6.0820619089203049e-60 7.3755049471176996e-39 8.8405182859180213e-12 6.3308599212854353e-51 9.6487771129935798e-05
2.2358188856420568e+06 9.5492146210968252e-10 8.0419232979786547e-60 -1.0959253518444055e-38 8.8393073123694435e-12 8.4215546692309623e-51 -1.2505964255429705e-04
2.5022985474807969e+06 9.4916459182154377e-10 1.1253315417321045e-59 -1.9368126399854206e-38 8.8381312786344732e-12 1.1856021088739503e-50 -1.8740302656682781e-04
2.8005390154517824e+06 9.4343008669171379e-10 1.5764390025804452e-59 4.7386625314843840e-38 8.8369903955102491e-12 1.6709653686246926e-50 3.8856379707872510e-04
3.1343257522023665e+06 9.3771839754991321e-10 2.2313173491686104e-59 -2.4547920966998665e-38 8.8358915349022368e-12 2.3795175129320643e-50 -1.6970624607469346e-04
3.5078953968202886e+06 9.3199511090442565e-10 2.9151038866898941e-59 -6.1512974304513837e-38 8.8345434420688800e-12 3.1278102777395713e-50 -3.7319248645198216e-04
3.9259895390217509e+06 9.2628757097125164e-10 4.4109000503487017e-59 5.6158614013993921e-39 8.8331721384151199e-12 4.7619121626814946e-50 2.7783045754412057e-05
4.3939149025023952e+06 9.2060249963964432e-10 6.0811112048883569e-59 -1.0760267984251903e-38 8.8318364704629043e-12 6.6055775508633903e-50 -4.5477390828187296e-05
4.9176107013375489e+06 9.1493944544196338e-10 8.6872703243671239e-59 -3.7093206114595543e-38 8.8305324931792243e-12 9.4949128793662627e-50 -1.3156989529744808e-04
5.5037240243631229e+06 9.0929877210446003e-10 1.2269240832734202e-58 -5.1446639932841806e-38 8.8292640907739039e-12 1.3493079732570797e-49 -1.5402629452903702e-04
6.1596942043648940e+06 9.0368006744140963e-10 1.6936839630996851e-58 3.4111488627567992e-37 8.8280278893970203e-12 1.8742075034309591e-49 8.7192099108261798e-04
6.8938472429451356e+06 8.9808381547552463e-10 2.3951881337526226e-58 -4.9551426584442045e-38 8.8268293211417544e-12 2.6669984387642030e-49 -1.0683853190399438e-04
7.7155014895682484e+06 8.9250977755815033e-10 3.3638838717212230e-58 -1.1469796297541280e-37 8.8256693280836682e-12 3.7690162688464818e-49 -2.0932867108117782e-04
8.6350859161332920e+06 8.8692421694299094e-10 4.4767221838121070e-58 7.5313016540604344e-38 8.8242481204732159e-12 5.0474686543595174e-49 1.1952168700011992e-04
9.6642724882911127e+06 8.8135576276831996e-10 6.5868261931654333e-58 -5.5541818349394916e-38 8.8228146103298746e-12 7.4735157712889406e-49 -7.2896448076391245e-05
1.0816124313649366e+07 8.7580943375537593e-10 9.8164891098525725e-58 -2.6534731600667152e-36 8.8214150798759859e-12 1.1208476103940250e-48 -2.8617506826673898e-03
1.2105261447259078e+07 8.7028520333312471e-10 1.2837968039819853e-57 -1.8684569950014144e-38 8.8200493832772492e-12 1.4751449284270758e-48 -1.7676820892245338e-05
1.3548046458894217e+07 8.6478295685078748e-10 1.7863697115321990e-57 -2.2834343486946791e-37 8.8187170816400940e-12 2.0656856120725160e-48 -1.8371697902742678e-04
1.5162792117465267e+07 8.5930244987623514e-10 2.5063653126548281e-57 -4.0495130275249249e-38 8.8174160447839731e-12 2.9167440556183894e-48 -2.7593550781088240e-05
1.6969993828632914e+07 8.5384449202062477e-10 3.4932907540311125e-57 2.6190749370618520e-37 8.8161554470954317e-12 4.0912493863656982e-48 1.5164956428391746e-04
1.8992589775871720e+07 8.4840851001585245e-10 4.9225828201500284e-57 3.4554849737700408e-37 8.8149334417028948e-12 5.8021374868788737e-48 1.6908690893075048e-04
2.1256252066863958e+07 8.4296050274032975e-10 6.5931510218928731e-57 9.7116351471619617e-37 8.8134312565448160e-12 7.8214234242999447e-48 4.1194784308905329e-04
2.3789712580643594e+07 8.3753114645461606e-10 9.7477051120216804e-57 4.9438642380228669e-37 8.8119307087980541e-12 1.1638618042188698e-47 1.7302739192988641e-04
2.6625127651355028e+07 8.3212355498787222e-10 1.3781433924888569e-56 6.0492925843571675e-37 8.8104619272622621e-12 1.6561763985985741e-47 1.7863373501992972e-04
2.9798486217430878e+07 8.2673818825253606e-10 1.9303490614612979e-56 1.1120588789078143e-36 8.8090300365998055e-12 2.3348976603360337e-47 2.7837219771691775e-04
3.3350066616684474e+07 8.2137432203575171e-10 2.6915325973152590e-56 6.2459771247153875e-37 8.8076278778704925e-12 3.2768647924668208e-47 1.3284034856646628e-04
3.7324947825258508e+07 8.1603256079284636e-10 3.8207044752423128e-56 5.8229405363047908e-37 8.8062625240231093e-12 4.6820490490356995e-47 1.0428380949039150e-04
4.1773581629408181e+07 8.1071242027535407e-10 5.3794697784044409e-56 1.0867485038537088e-36 8.8049295587988788e-12 6.6354845983207378e-47 1.6456061497631551e-04
4.6752432992496565e+07 8.0541457403300407e-10 7.4465170418503186e-56 1.4981061527300206e-36 8.8036411329017596e-12 9.2455702714229475e-47 1.9344444005658885e-04
5.2324696745157883e+07 8.0010403900581282e-10 1.0487934921501063e-55 1.0509189128380278e-36 8.8020500192035331e-12 1.3108213944942811e-46 1.1472312925658724e-04
5.8561099695327818e+07 7.9481376159575172e-10 1.4752608633296422e-55 7.1893194407484640e-36 8.8004767985702089e-12 1.8561088579641011e-46 6.6392753620024363e-04
6.5540798339046158e+07 7.8954533810109477e-10 2.0465855172485723e-55 1.2847046748365785e-36 8.7989377052068341e-12 2.5921063914717507e-46 1.0106477638490071e-04
7.3352383566359699e+07 7.8429854256103480e-10 2.8605511952023696e-55 5.4647631191161150e-37 8.7974308244097183e-12 3.6472733786570292e-46 3.6484279573167783e-05
8.2095005114712819e+07 7.7907334254374475e-10 3.9812169764394198e-55 -1.3647153896990108e-37 8.7959562285527592e-12 5.1101953552157067e-46 -7.7489880866651369e-06
9.1879630042118803e+07 7.7386987425845357e-10 5.6126781106990787e-55 6.8635579002443625e-36 8.7945159180830152e-12 7.2527414458113175e-46 3.2932921842518544e-04
1.0283045119347575e+08 7.6868797298891903e-10 7.7683065023292075e-55 1.0102773808504348e-35 8.7931089422687605e-12 1.0105929551783413e-45 4.1343040259092734e-04
1.1508646353720075e+08 7.6352784243112677e-10 1.0943449654335233e-54 7.6030012250920024e-36 8.7917435430986442e-12 1.4332744722825710e-45 2.6302407327414174e-04
1.2880322838007525e+08 7.5835529015115533e-10 1.5354810079743841e-54 8.8075996042027436e-36 8.7900614667693528e-12 2.0247514956588912e-45 2.5810652179921177e-04
1.4415484785286805e+08 7.5320401719074157e-10 2.1351169105107474e-54 -7.7027945699502008e-36 8.7884084964238430e-12 2.8347125901879650e-45 -1.9207956859125180e-04
1.6133617472819585e+08 7.4807458455805584e-10 3.0236964077767745e-54 -5.8563094796236705e-36 8.7867911650710000e-12 4.0419718437074028e-45 -1.2313527287621990e-04
1.8056528561907169e+08 7.4296666083337328e-10 4.1237460590798942e-54 -1.8729584556333204e-35 8.7852061972760229e-12 5.5503783365654084e-45 -3.3837442013009798e-04
2.0208624894959125e+08 7.3787995815057218e-10 6.0091808818968160e-54 -1.1485594520610471e-35 8.7836507485203662e-12 8.1438461846263881e-45 -1.7248565590916371e-04
2.2617222283064738e+08 7.3281487170487493e-10 8.4795023390109244e-54 -3.9541264434553888e-36 8.7821299457001821e-12 1.1571138450402323e-44 -5.0161236506132647e-05
2.5312892216093299e+08 7.2777135516754047e-10 1.1886140851212866e-53 -9.3615431286866485e-36 8.7806441248620519e-12 1.6332246064392784e-44 -1.0065364976605696e-04
2.8329849895994085e+08 7.2274782725733964e-10 1.6653244328149585e-53 -1.6179593172502529e-35 8.7791824473630701e-12 2.3041569549015156e-44 -1.4747716247494268e-04
3.1706388518467903e+08 7.1771424538879855e-10 2.3062869193070688e-53 -2.6262699079014717e-35 8.7774121019600851e-12 3.2133776556959828e-44 -2.0413003331735008e-04
3.5485365315196556e+08 7.1270243247447285e-10 3.2518849066061507e-53 -1.9716376147342562e-35 8.7756778489640843e-12 4.5627526418223991e-44 -1.2951062264341713e-04
3.9714745525795430e+08 7.0771196877025324e-10 4.5483941723925177e-53 -1.8486143859060098e-35 8.7739751605250313e-12 6.4269001699886148e-44 -1.0303600487249704e-04
4.4448211203936189e+08 7.0274267593583380e-10 6.3627011201621501e-53 -9.9895574263059594e-36 8.7723022475988338e-12 9.0540980902988689e-44 -4.7241896322100502e-05
4.9745842585003978e+08 6.9779479483054190e-10 8.8628352858291952e-53 -2.7998367684380483e-36 8.7706626272652547e-12 1.2701205786411057e-43 -1.1258551292093059e-05
5.5674880663653314e+08 6.9286811269553580e-10 1.1669670857267845e-52 1.0479626318441436e-34 8.7690543089726843e-12 1.6842557253599287e-43 3.6854557921312697e-04
6.2310580660391676e+08 6.8796295461128519e-10 1.7396448005473471e-52 -5.8906487790518518e-35 8.7674821304013898e-12 2.5286896465672142e-43 -1.7027477346468725e-04
6.9737167209949529e+08 6.8307582782303239e-10 2.3801662640108238e-52 8.3823277467670991e-35 8.7659126228233009e-12 3.4844832258175946e-43 2.0788661676973558e-04
7.8048903395308042e+08 6.7818166593357879e-10 3.4335524690806352e-52 1.6303678725848346e-35 8.7640513706949571e-12 5.0628801124460327e-43 3.3786308411778664e-05
8.7351287196263170e+08 6.7330908928115213e-10 4.8040560146728208e-52 4.5782091339775259e-35 8.7622258950570736e-12 7.1349935581618179e-43 8.0497864188248941e-05
9.7762390538631785e+08 6.6845737132835637e-10 6.7612880392093203e-52 9.8313708497690508e-35 8.7604271971103270e-12 1.0114763228316728e-42 1.4623876177371917e-04
1.0941435794018643e+09 6.6362716320180034e-10 9.3874763052916937e-52 1.6061120422866421e-34 8.7586642646073975e-12 1.4145708352262074e-42 2.0348824886560942e-04
1.2245508377511060e+09 6.5881787634253528e-10 1.3200054998837375e-51 2.1040822962094221e-34 8.7569297953710026e-12 2.0035969685762367e-42 2.2562756915395343e-04
1.3705008944590995e+09 6.5402951045085526e-10 1.8703626533436656e-51 4.8562597991648587e-35 8.7552243938786535e-12 2.8597526922819295e-42 4.3907663698711005e-05
1.5338462428906989e+09 6.4926266112055526e-10 2.6305424736312048e-51 9.5577292004076279e-35 8.7535570191117370e-12 4.0515844066732263e-42 7.3134424545113631e-05
1.7166601688052566e+09 6.4451228111569894e-10 3.6672006693785214e-51 2.8641754199223036e-34 8.7518735234218108e-12 5.6898848584084742e-42 1.8630163963782436e-04
1.9212630658524802e+09 6.3975777625329793e-10 5.2178351244398631e-51 2.4785627888454014e-34 8.7499165326456691e-12 8.1559542034765000e-42 1.3565848497019514e-04
2.1502518875228934e+09 6.3502396832678552e-10 7.2916818554524556e-51 2.1051848304718817e-34 8.7479849583515859e-12 1.1482530139240557e-41 9.7832086799496120e-05
2.4065331093762755e+09 6.3031154674596344e-10 1.0196865224094139e-50 5.5516684878001178e-34 8.7460887498251269e-12 1.6177500280196860e-41 2.1898408535207673e-04
2.6933596199261956e+09 6.2562000251444993e-10 1.4122123647543761e-50 4.0046604913772164e-34 8.7442213895021645e-12 2.2573005323974727e-41 1.3472878259336772e-04
3.0143720084238191e+09 6.2094941026397388e-10 1.9796678951933669e-50 8.1774569870814760e-35 8.7423844017163984e-12 3.1881307276735856e-41 2.3323514302218567e-05
3.3736447735924835e+09 6.1629982924534855e-10 2.7758588959180927e-50 2.1266351364634729e-34 8.7405791070875486e-12 4.5040721483195887e-41 5.1415997801940100e-05
3.7757380398244629e+09 6.1167134167823758e-10 3.9921414597376016e-50 2.4457937669632886e-34 8.7388077259243286e-12 6.5266119036808174e-41 4.9494598580850309e-05
4.2257554372556300e+09 6.0705743565794217e-10 5.4457505608571332e-50 -4.8994036958843083e-34 8.7369950905624710e-12 8.9707336422869272e-41 -8.5211745484287143e-05
4.7294088803696871e+09 6.0244220682915228e-10 7.5110586429873761e-50 -9.1657231408721887e-34 8.7349277522518277e-12 1.2467683302802606e-40 -1.3625688715797064e-04
5.2930910673443861e+09 5.9784792697300859e-10 1.0621605945689999e-49 -4.7504063070186013e-34 8.7328907272898613e-12 1.7766400896409799e-40 -5.9612906972032292e-05
5.9239566203484879e+09 5.9327445211090405e-10 1.4930009517124715e-49 -8.5815657402696839e-34 8.7308827180913956e-12 2.5165434756212569e-40 -9.1181906404021033e-05
6.6300128966754065e+09 5.8872193083447523e-10 2.0834756533496655e-49 -1.8957991025600459e-33 8.7289059261967214e-12 3.5389808740375504e-40 -1.7117604635892258e-04
7.4202216233474646e+09 5.8419005404129701e-10 2.9384970915968828e-49 -2.1341188755599607e-33 8.7269564174265251e-12 5.0300361522230867e-40 -1.6288417594746371e-04
8.3046126452035627e+09 5.7967911919687837e-10 4.1541408563578122e-49 -1.7645301240971890e-33 8.7250395023968458e-12 7.1662765119316422e-40 -1.1370894745500490e-04
9.2944112302352238e+09 5.7518890970043050e-10 5.7775503517365477e-49 -4.4518517881674848e-33 8.7231528543469982e-12 1.0044613611805567e-39 -2.4421007436958663e-04
1.0402180548013405e+10 5.7071212293284540e-10 8.2047141013161450e-49 -2.8737500445685821e-33 8.7212067442032058e-12 1.4376274432638218e-39 -1.3280325384305188e-04
1.1641981129635252e+10 5.6623605944435644e-10 1.1543188130769770e-48 -4.5833942994355767e-33 8.7190166883902110e-12 2.0385823082509123e-39 -1.7927741102793579e-04
1.3029549333160513e+10 5.6178089060566457e-10 1.6226897651365166e-48 -4.8266727489277954e-33 8.7168576417587595e-12 2.8884744787012422e-39 -1.5986250899644076e-04
1.4582497079737364e+10 5.5734675060206293e-10 2.2780687291413618e-48 -4.4755629261459282e-33 8.7147323005602077e-12 4.0873454930535120e-39 -1.2560343586652493e-04
1.6320535395598944e+10 5.5293309816125590e-10 3.0944771180609470e-48 1.5778046129489946e-34 8.7126327112185685e-12 5.5964765508728543e-39 3.8143741452804445e-06
1.8265724597271458e+10 5.4853995095598539e-10 4.4155474708899305e-48 -4.2304956897136097e-33 8.7105597918632197e-12 8.0496369739243150e-39 -8.5959691095332472e-05
2.0442754295507805e+10 5.4416756939144201e-10 6.2022834936942269e-48 -3.6864812922759741e-33 8.7085182116607190e-12 1.1397745552221011e-38 -6.3455591972034293e-05
2.2879256771939392e+10 5.3981606225842179e-10 8.5893609325796607e-48 -2.1318000468995340e-33 8.7065107613228508e-12 1.5911643860029761e-38 -3.1307121572212499e-05
2.5606157706027035e+10 5.3547585636096713e-10 1.2158327493339472e-47 -2.8498519565713528e-34 8.7044082295160384e-12 2.2705650215429094e-38 -3.5319572173325247e-06
2.8658068703966404e+10 5.3113953028905709e-10 1.6944299643476926e-47 -1.3311422408320885e-32 8.7020922503595835e-12 3.1901786022696313e-38 -1.4031637001917559e-04
3.2073726611780933e+10 5.2682376265847272e-10 2.3432810545871532e-47 1.0229469926573619e-32 8.6998033087078022e-12 4.4479410776052001e-38 9.2067905095249939e-05
3.5896485188650703e+10 5.2252858744262719e-10 3.3028483493377257e-47 8.3775491801821023e-33 8.6975429901479233e-12 6.3208950260551504e-38 6.3770179801607530e-05
4.0174865381116081e+10 5.1825397950854728e-10 4.6736931671758047e-47 1.2120471160638391e-32 8.6953105474276561e-12 9.0181520103478995e-38 7.7878590219427493e-05
4.4963171182595154e+10 5.1399969700114136e-10 6.5241642257086377e-47 1.9185971395279702e-32 8.6931032687516877e-12 1.2692933991543093e-37 1.0477071768970441e-04
5.0322178895106964e+10 5.0976592616874906e-10 9.2166961760790801e-47 2.4125981207586891e-32 8.6909247916526347e-12 1.8080251548684434e-37 1.1130430136811363e-04
5.6319908541757576e+10 5.0555282552778864e-10 1.2897617126728994e-46 3.9503334129793377e-32 8.6887784270283385e-12 2.5511907906486526e-37 1.5470193323720692e-04
6.3032487221262955e+10 5.0134973447185127e-10 1.8126627215786776e-46 5.6967102043943574e-32 8.6865117494887948e-12 3.6155653368166909e-37 1.8897103027405851e-04
7.0545115362765274e+10 4.9715283127584366e-10 2.5502240423006112e-46 5.8068165161867977e-32 8.6840508446518040e-12 5.1296580887530485e-37 1.6308122949509318e-04
7.8953148145280304e+10 4.9297647557969872e-10 3.5898374822312764e-46 6.3781446478579437e-32 8.6816183338766421e-12 7.2819650836481204e-37 1.5161559427602796e-04
8.8363305807856979e+10 4.8882050515921743e-10 5.0728248052621935e-46 7.1330315756025236e-32 8.6792123952844957e-12 1.0377684143200755e-36 1.4324336241501842e-04
9.8895028212495758e+10 4.8468468371453084e-10 7.0870336811458502e-46 6.2149009915941971e-32 8.6768287667082446e-12 1.4621946843527585e-36 1.0604063457199081e-04
1.1068199085282190e+11 4.8056935486258012e-10 9.8762876235582313e-46 1.0934665127354307e-31 8.6744739807242443e-12 2.0551222260900047e-36 1.5871960945973624e-04
1.2387380155068558e+11 4.7647429487381661e-10 1.3636624328438732e-45 8.7633924623691964e-32 8.6721448251937370e-12 2.8619853106766404e-36 1.0871740698023212e-04
1.3863789937626886e+11 4.7239981805308688e-10 1.9521658431556314e-45 7.5273210199083459e-32 8.6698485363974274e-12 4.1324441046593560e-36 7.8383963924367420e-05
1.5516167989403305e+11 4.6833376244926874e-10 2.6592805266826928e-45 4.8625992703436216e-32 8.6673969156545569e-12 5.6781738578387324e-36 4.3572117908470885e-05
1.7365487370951471e+11 4.6427648666757319e-10 3.7538993624422981e-45 6.1194233949271917e-32 8.6647796204949607e-12 8.0854824016322178e-36 4.6353319964714142e-05
1.9435220850703870e+11 4.6023928650328436e-10 5.4048539207859518e-45 1.8313924406959580e-31 8.6621831252691681e-12 1.1743573569848609e-35 1.1611747757964709e-04
2.1751638836666776e+11 4.5622304434119419e-10 7.3219556916528978e-45 -3.1847156313065644e-32 8.6596258213212584e-12 1.6049070257347738e-35 -1.7424828092325903e-05
2.4344142817582404e+11 4.5222603416646997e-10 1.0329727745671146e-44 -1.1320407748628141e-31 8.6570735466628331e-12 2.2841957263054534e-35 -5.2376907417452560e-05
2.7245638545811050e+11 4.4824954681112484e-10 1.4329561295295845e-44 -2.8985834395662064e-31 8.6545524985389550e-12 3.1967821043517466e-35 -1.1436929125321825e-04
3.0492953698613922e+11 4.4429306562615218e-10 2.0232415823842210e-44 -3.5670367543861258e-31 8.6520535096191429e-12 4.5538446105001015e-35 -1.1897314598291991e-04
3.4127305319066193e+11 4.4035764054040733e-10 2.8449410635082391e-44 -5.2349487962059058e-31 8.6495980244018017e-12 6.4605239051079586e-35 -1.4790165480824081e-04
3.8194822969665283e+11 4.3642897164075801e-10 4.0308918187903666e-44 -3.4598790766303411e-31 8.6469466348336844e-12 9.2360775308664746e-35 -8.2490429081395487e-05
4.2747134238842218e+11 4.3251084506404061e-10 5.6999222244312625e-44 -3.3893026520006838e-31 8.6441455141010132e-12 1.3178680464272039e-34 -6.8261744934278192e-05
4.7842020032004626e+11 4.2861329289518917e-10 7.9810564737434320e-44 -4.7026593139571389e-31 8.6413764722922849e-12 1.8620646176960912e-34 -8.0404528087725212e-05
5.3544147964496008e+11 4.2473591687291602e-10 1.1160245422461856e-43 -8.6354329320564375e-31 8.6386317179573096e-12 2.6275727997359543e-34 -1.2542605106524366e-04
5.9925893165169714e+11 4.2087835632199981e-10 1.5650218070914538e-43 -8.7846577873356505e-31 8.6359052782800726e-12 3.7184658787588225e-34 -1.0823964391180036e-04
6.7068256908757874e+11 4.1704043679033996e-10 2.1957080051865659e-43 -8.7980835957963164e-31 8.6331928223315435e-12 5.2649762744479885e-34 -9.1941526096641111e-05
7.5061894736907141e+11 4.1322350036818815e-10 3.0662828990592268e-43 -8.8672241936154366e-31 8.6305236316785815e-12 7.4203981533652474e-34 -7.8775119827828911e-05
8.4008267117478040e+11 4.0942548094140917e-10 4.2643311758969604e-43 -6.5858957547008819e-31 8.6278552258662750e-12 1.0415402495447535e-33 -4.9842745369549802e-05
9.4020927247010205e+11 4.0563485213515026e-10 5.9608433853018325e-43 -5.2269884229270282e-31 8.6249933804447705e-12 1.4695096720426248e-33 -3.3614762817727550e-05
1.0522696234200143e+12 4.0185700063090960e-10 8.3497405367476406e-43 -1.0814546540758396e-31 8.6220109669046371e-12 2.0777889954980677e-33 -5.9038600577418524e-06
1.1776860671278904e+12 3.9809819739333572e-10 1.1665682832656200e-42 -1.7066402239217972e-31 8.6190289545515388e-12 2.9303530910314759e-33 -7.9193910690452871e-06
1.3180504709424250e+12 3.9436022188219134e-10 1.6270169448293073e-42 1.1389237724420170e-30 8.6160872280465328e-12 4.1257126214807535e-33 4.4962667510454728e-05
1.4751444314768357e+12 3.9064183491714681e-10 2.3012669921262989e-42 1.7808633002826649e-30 8.6131584242204678e-12 5.8909896135788587e-33 5.9396069176105259e-05
1.6509618877956860e+12 3.8694345841463501e-10 3.2154839245828891e-42 2.9545436379905036e-30 8.6102526969720815e-12 8.3099580950591741e-33 8.3761314244493247e-05
1.8477344297907952e+12 3.8326517089577462e-10 4.5112151404131977e-42 4.1100721184894773e-30 8.6073730354839420e-12 1.1770480291411557e-32 9.8844610750160181e-05
2.0679596229763481e+12 3.7960667933475472e-10 6.3734193832909151e-42 4.9211208644742682e-30 8.6045156991434421e-12 1.6789534352925700e-32 1.0004856420572577e-04
2.3144327092203970e+12 3.7595248695905469e-10 8.8876490651717177e-42 1.0509338820231285e-29 8.6013769067838194e-12 2.3640351835575647e-32 1.8180903593414290e-04
2.5902820857786577e+12 3.7231347537354882e-10 1.2505388515220089e-41 1.1435114935293767e-29 8.5981571216509199e-12 3.3588331721469947e-32 1.6758593319261524e-04
2.8990090129541792e+12 3.6869615610954224e-10 1.7659637180443657e-41 1.2249695387010829e-29 8.5950019565365589e-12 4.7897535376519774e-32 1.5180990062420389e-04
3.2445320543778208e+12 3.6509650529887101e-10 2.4646287512492491e-41 1.8780292283697425e-29 8.5918121056955023e-12 6.7506226859982778e-32 1.9798065368896973e-04
3.6312368139752432e+12 3.6151778659695677e-10 3.4723380864508302e-41 1.9447068089449829e-29 8.5886677182567706e-12 9.6048886532988640e-32 1.7357145264148326e-04
4.0640316009137173e+12 3.5795808793711531e-10 4.8680925633594479e-41 2.2301920161292112e-29 8.5855233302773601e-12 1.3599616065148543e-31 1.6894554852973706e-04
4.5484097290654014e+12 3.5441911774090725e-10 6.8431514645552579e-41 2.4037035353482124e-29 8.5824218006784706e-12 1.9308076573786406e-31 1.5434560087120881e-04
5.0905192417316172e+12 3.5089903060282397e-10 9.5380624200934305e-41 2.8825953246530207e-29 8.5793252288645572e-12 2.7181786178512944e-31 1.5756600126330442e-04
5.6972409466208506e+12 3.4738300603489770e-10 1.3369831591057703e-40 3.2738756032178336e-29 8.5759160248874370e-12 3.8487293157094117e-31 1.5191299312967228e-04
6.3762757515501924e+12 3.4388459304821037e-10 1.8601079059722322e-40 3.2119522255632132e-29 8.5724733443480950e-12 5.4091050997200597e-31 1.2699705450781260e-04
7.1362424093932217e+12 3.4040455627114391e-10 2.6004424757130008e-40 3.2267523441615105e-29 8.5690127490838228e-12 7.6392704733413121e-31 1.0845368837482592e-04
7.9867869129155693e+12 3.3694600300433464e-10 3.6549937616145446e-40 3.7253855460000147e-29 8.5656145269391021e-12 1.0847416882898965e-30 1.0615678340067311e-04
8.9387049280103887e+12 3.3350734575386628e-10 5.0892639050601335e-40 4.0365655096240903e-29 8.5622380839935497e-12 1.5259825517654687e-30 9.7978732541298240e-05
1.0004078819334492e+13 3.3008620812948104e-10 7.1347451713609032e-40 3.5130264216057149e-29 8.5588206715952754e-12 2.1614793334722417e-30 7.2389986172047711e-05
1.1196431007565830e+13 3.2668522041964505e-10 9.9952283317660345e-40 2.9411361924088124e-29 8.5554335291379505e-12 3.0595899988761710e-30 5.1469983868077529e-05
1.2530895604791131e+13 3.2330363331028654e-10 1.4033082975234040e-39 2.5315448958312229e-29 8.5520656590463984e-12 4.3405274575946280e-30 3.7584068815108808e-05
1.4024410506532488e+13 3.1992602564237531e-10 1.9755015999491549e-39 3.2864498954161175e-29 8.5483528113997375e-12 6.1748699437083024e-30 4.1339339858291702e-05
1.5695932378571506e+13 3.1656781765072980e-10 2.7821401843442173e-39 3.8001167202195430e-29 8.5446495745128182e-12 8.7884492017876582e-30 4.0492449611510069e-05
1.7566677267321375e+13 3.1322781462337138e-10 3.9175352963308231e-39 2.7523563889286584e-29 8.5409199832640795e-12 1.2506984097313680e-29 2.4846661796730395e-05
1.9660389887734270e+13 3.0990783214601858e-10 5.4980501735798987e-39 2.3532009752370851e-29 8.5372145603021128e-12 1.7740920374640274e-29 1.8027619965534522e-05
2.2003645006717898e+13 3.0660765978345643e-10 7.7292512079907322e-39 5.0419435811185411e-29 8.5335281244815117e-12 2.5208930570911255e-29 3.2751995844788310e-05
2.4626184747420676e+13 3.0332653481873857e-10 1.0851432459781026e-38 3.8567874736241790e-29 8.5298414121838865e-12 3.5774754972444496e-29 2.1258223572614481e-05
2.7561296095666691e+13 3.0006636630569174e-10 1.5144734926775744e-38 7.3890838387764672e-29 8.5262087518091223e-12 5.0471284446944943e-29 3.4661798754483947e-05
3.0846233400103949e+13 2.9682015451815916e-10 2.1308023795997636e-38 1.3817934093188388e-28 8.5224463982678420e-12 7.1787658188467223e-29 5.4944577341326644e-05
3.4522691228707430e+13 2.9358262216370888e-10 2.9674740417207168e-38 1.9987676111964520e-28 8.5184323812273120e-12 1.0107798683213546e-28 6.7717928808275804e-05
3.8637333583447055e+13 2.9036281878866370e-10 4.1435353472209673e-38 2.9526904240768302e-28 8.5143752466401285e-12 1.4270199485274932e-28 8.5125933932109121e-05
4.3242386190250883e+13 2.8716256744936981e-10 5.8209324621432158e-38 4.0979520199309598e-28 8.5103285214830685e-12 2.0270512671083136e-28 1.0023206439738616e-04
4.8396299382002820e+13 2.8398402064675154e-10 8.1093251431644749e-38 5.6895960343013641e-28 8.5063586864729036e-12 2.8555568460141233e-28 1.1856107366395947e-04
5.4164489988308812e+13 2.8082280571829252e-10 1.1327017777386368e-37 8.2403377737103010e-28 8.5023336045072113e-12 4.0335106503953490e-28 1.4610700413155046e-04
6.0620171648591422e+13 2.7768211146985281e-10 1.5918027761518571e-37 1.1234201281419188e-27 8.4983565689336434e-12 5.7324642474301940e-28 1.6897545338679057e-04
6.7845284087376234e+13 2.7455852137696006e-10 2.2185613561027369e-37 1.5912201414458312e-27 8.4943051555236585e-12 8.0804680363816619e-28 2.0388115336592607e-04
7.5931533146752156e+13 2.7145236463838276e-10 3.1174663845484622e-37 2.0836922614462742e-27 8.4902354176394906e-12 1.1484395756512999e-27 2.2650921482352242e-04
8.4981554776760969e+13 2.6835351003595132e-10 4.4002056364190172e-37 2.5220532660829497e-27 8.4858317615290824e-12 1.6397048936790586e-27 2.3209411473755772e-04
9.5110217757859000e+13 2.6527261322596841e-10 6.1672593032033136e-37 3.3383895086312022e-27 8.4813836573452427e-12 2.3248759938704373e-27 2.6100251647540658e-04
1.0644608169043508e+14 2.6221462336395575e-10 8.6970624616773456e-37 4.1755603295983964e-27 8.4770572066666688e-12 3.3167724782480042e-27 2.7650310606146174e-04
1.1913302875716014e+14 2.5917592398761739e-10 1.2210367681348834e-36 5.4916370011314365e-27 8.4727367595957287e-12 4.7112276069023319e-27 3.0870248387216483e-04
1.3333208996954344e+14 2.5615214835116652e-10 1.7141586905415278e-36 7.0828407481757760e-27 8.4682670371164929e-12 6.6919551585862053e-27 3.3801265740121978e-04
1.4922348907861391e+14 2.5315013683131086e-10 2.4224858909936909e-36 7.9920294936740381e-27 8.4638876287995605e-12 9.5693643357891554e-27 3.2272853500568509e-04
1.6700893009238738e+14 2.5017150051183624e-10 3.3850346370648485e-36 1.0455180695387658e-26 8.4596537840985186e-12 1.3530856353098836e-26 3.5927836683056439e-04
1.8691415743475647e+14 2.4719781197231125e-10 4.7343023341364630e-36 1.3346118779257005e-26 8.4549660834949870e-12 1.9151877989384284e-26 3.9012580714570911e-04
2.0919182124104703e+14 2.4423994236761034e-10 6.6376090325918791e-36 1.6163788818890945e-26 8.4501865607182833e-12 2.7176591053241748e-26 4.0144771405129068e-04
2.3412468415840000e+14 2.4130015905592504e-10 9.2787267639160564e-36 1.9248267224348317e-26 8.4453708851750499e-12 3.8453048685167125e-26 4.0678847700945596e-04
2.6202921035382947e+14 2.3837956046345194e-10 1.2949925117355006e-35 2.3586841488493888e-26 8.4405539559235085e-12 5.4324813302692836e-26 4.2452341830470040e-04
2.9325958228393612e+14 2.3547212271323352e-10 1.8110188169258074e-35 2.8435443197179375e-26 8.4355039326070538e-12 7.6910115560954609e-26 4.3544045065617063e-04
3.2821219620979750e+14 2.3259750022214727e-10 2.5287209470660746e-35 3.4020890936278893e-26 8.4309480575533657e-12 1.0871660033538472e-25 4.4360119576374865e-04
3.6733069351697881e+14 2.2973511891175317e-10 3.5346797204208241e-35 4.1513280820957701e-26 8.4261388840487969e-12 1.5385891966210792e-25 4.6067890769381861e-04
4.1111159170153294e+14 2.2689780728800288e-10 4.9479101335074586e-35 4.7030320308945675e-26 8.4215538933628114e-12 2.1806778093836068e-25 4.4386600621748113e-04
4.6011058649405900e+14 2.2405949930060211e-10 6.9406998009155074e-35 6.0171892218636956e-26 8.4162499358770981e-12 3.0977038789164407e-25 4.8251448797342791e-04
5.1494960511258025e+14 2.2123989522716833e-10 9.7204632208557772e-35 7.0139015145509579e-26 8.4109368623411126e-12 4.3936303671066377e-25 4.7828246702262691e-04
5.7632470016862800e+14 2.1844164857482199e-10 1.3700387970262821e-34 8.8338003400104247e-26 8.4057091343634959e-12 6.2718753770850062e-25 5.1063834464913898e-04
6.4501488442125462e+14 2.1564871208539270e-10 1.9227443382956500e-34 1.0451427779987978e-25 8.3998968832401414e-12 8.9160946972606103e-25 5.1326472649695790e-04
7.2189201851530900e+14 2.1289114398232203e-10 2.7112099269514372e-34 1.2708585467046581e-25 8.3947494850184453e-12 1.2735193565292549e-24 5.2897706562573794e-04
8.0793187720574588e+14 2.1015845139837222e-10 3.8113067203128157e-34 1.5825902890716659e-25 8.3898280918483182e-12 1.8135395911764585e-24 5.5918835201961025e-04
9.0422653452754900e+14 2.0744323298831148e-10 5.3747082338397252e-34 1.9767861030692102e-25 8.3848236287183282e-12 2.5909296516520095e-24 5.9201484421498066e-04
1.0119982251120985e+15 2.0473071427516694e-10 7.5250976260606350e-34 2.3691368463003043e-25 8.3791596016793856e-12 3.6756075670925359e-24 6.0359075207454846e-04
1.1326148575867120e+15 2.0203806498002516e-10 1.0509373966938773e-33 2.8952384538440316e-25 8.3735473762616937e-12 5.2016801724852197e-24 6.2831773011025435e-04
1.2676073769635915e+15 1.9936378810094650e-10 1.4760896783069547e-33 3.5816066548637550e-25 8.3679227714584453e-12 7.4040009590886521e-24 6.6023474903139138e-04
1.4186891963930578e+15 1.9670278581177836e-10 2.0672032780911209e-33 4.4484356448756401e-25 8.3620214469251285e-12 1.0509273010851984e-23 6.9760641277082623e-04
1.5877779449213255e+15 1.9406353407031062e-10 2.8839218874413271e-33 5.4519898390523748e-25 8.3562258326386113e-12 1.4860709928102524e-23 7.2877140405162887e-04
1.7770198072898678e+15 1.9144523067648725e-10 4.0263736499111805e-33 6.7504636312051126e-25 8.3504749838114293e-12 2.1031464903480032e-23 7.6887243004247676e-04
1.9888167647126258e+15 1.8883673264014013e-10 5.6316894990626914e-33 8.3670364071516528e-25 8.3443300716526536e-12 2.9823061542770998e-23 8.1135154769749801e-04
2.2258570823891918e+15 1.8625674652774214e-10 7.8783857659245148e-33 1.0383638328065165e-24 8.3385717902360714e-12 4.2298525625492244e-23 8.5718571599115406e-04
2.4911494307209220e+15 1.8369778072559594e-10 1.1024774654577454e-32 1.2943465243627802e-24 8.3328899749615382e-12 6.0015829320475250e-23 9.0952312661504481e-04
2.7880610733192330e+15 1.8113599847843668e-10 1.5429406536169621e-32 1.6197485592182389e-24 8.3262809579992635e-12 8.5181337038349188e-23 9.6888137305623813e-04
3.1203606065126295e+15 1.7859647518073762e-10 2.1671998937493454e-32 2.0103383293929114e-24 8.3197497802516181e-12 1.2134617391279216e-22 1.0218407690771049e-03
3.4922657928308230e+15 1.7608100058106138e-10 3.0407478357255125e-32 2.5125079039343875e-24 8.3134535338201048e-12 1.7269028604398810e-22 1.0858278706509757e-03
3.9084970955990155e+15 1.7357846141526462e-10 4.2800106106967641e-32 3.1175078087533825e-24 8.3068408473424531e-12 2.4657498262168472e-22 1.1437660723568638e-03
4.3743375941391595e+15 1.7109744615818619e-10 6.0218320708250553e-32 3.8857764509050647e-24 8.3003211347364023e-12 3.5195335792783481e-22 1.2105750761650354e-03
4.8957000400601330e+15 1.6863555557551722e-10 8.4665927200499341e-32 4.8469201670820213e-24 8.2937178827396716e-12 5.0206450775788400e-22 1.2827350397808992e-03
5.4792019057600200e+15 1.6619138133833009e-10 1.1904840774645776e-31 6.0397802769620959e-24 8.2871511743942588e-12 7.1633322250388349e-22 1.3578603132681426e-03
6.1322493777039570e+15 1.6376639446339580e-10 1.6708237835483515e-31 7.5258012393082005e-24 8.2805333498737099e-12 1.0202482560741759e-21 1.4387158430834218e-03
6.8631313605762730e+15 1.6135615842172838e-10 2.3457675053443472e-31 9.3598035237984134e-24 8.2736404533483404e-12 1.4537824451753084e-21 1.5213581892123426e-03
7.6811246854675920e+15 1.5895337010515071e-10 3.2841296340243762e-31 1.1653358051963428e-23 8.2662292960960246e-12 2.0660962594576394e-21 1.6128949217960181e-03
8.5966118574693310e+15 1.5656501188273554e-10 4.5983357432129601e-31 1.4457481533581667e-23 8.2584224912170266e-12 2.9370136328141012e-21 1.7039033224763600e-03
9.6212128372036840e+15 1.5421706447953955e-10 6.4219857503654432e-31 1.7939897182722768e-23 8.2518754682645009e-12 4.1642510652363429e-21 1.8026817616710457e-03
1.0767932528946660e+16 1.5187508045482141e-10 8.9820866558773753e-31 2.2268003740239387e-23 8.2445017694419300e-12 5.9141279984699631e-21 1.9065552919246109e-03
1.2051325847360364e+16 1.4955224654012561e-10 1.2562288899900122e-30 2.7549361288320963e-23 8.2371005527959533e-12 8.3999332611359988e-21 2.0099288104828000e-03
1.3487682457967698e+16 1.4725658771947910e-10 1.7538083137605117e-30 3.4020909311600596e-23 8.2301117489697176e-12 1.1909880168495293e-20 2.1169835761082195e-03
1.5095233536218628e+16 1.4497078377876618e-10 2.4580351010943168e-30 4.2044089048462967e-23 8.2226257288978233e-12 1.6955382574501500e-20 2.2272586977832524e-03
1.6894383169465130e+16 1.4268634472093966e-10 3.4386964989293493e-30 5.1789423757030253e-23 8.2141391197019282e-12 2.4099688765975586e-20 2.3380454500562249e-03
1.8907967338954116e+16 1.4043151729121578e-10 4.8243506161828223e-30 6.3769969888780748e-23 8.2061811499379024e-12 3.4353759820015795e-20 2.4499909842949849e-03
2.1161543769003340e+16 1.3820052226823182e-10 6.7768144010843304e-30 7.8372343668604838e-23 8.1984302779288486e-12 4.9036098343617606e-20 2.5609151907647664e-03
2.3683716322318428e+16 1.3596781872201146e-10 9.5226664662550567e-30 9.6280270396420447e-23 8.1894057984114198e-12 7.0036178823492868e-20 2.6757155923019804e-03
2.6506498058882896e+16 1.3377415153987382e-10 1.3380616210793599e-29 1.1795312747373121e-22 8.1816388831793053e-12 1.0002392881411970e-19 2.7879520547776575e-03
2.9665717566608012e+16 1.3159067535327192e-10 1.8873329221425677e-29 1.4484861322397634e-22 8.1732089943529804e-12 1.4342451827044600e-19 2.9065481766798297e-03
3.3201473721151008e+16 1.2943655166074608e-10 2.6500960840015176e-29 1.7717779711583343e-22 8.1652965545662066e-12 2.0474093677552799e-19 3.0251716400872086e-03
3.7158644647015048e+16 1.2728157713881908e-10 3.7160377492688786e-29 2.1655708559626872e-22 8.1562663006240018e-12 2.9195409365614625e-19 3.1488325457250240e-03
4.1587457339989200e+16 1.2513984887683390e-10 5.2201003908472348e-29 2.6490155114002579e-22 8.1469629269292335e-12 4.1714133728777330e-19 3.2775344151488605e-03
4.6544125180958496e+16 1.2302979096720457e-10 7.3052210066791197e-29 3.2374591976022514e-22 8.1379473673503813e-12 5.9377659258369668e-19 3.4149353081721666e-03
5.2091561432816896e+16 1.2093169649704752e-10 1.0226530494002462e-28 3.9586494399077405e-22 8.1287933485645897e-12 8.4564516915150831e-19 3.5596951980960273e-03
5.8300177776659640e+16 1.1884823177679332e-10 1.4299240279085749e-28 4.8401066013045130e-22 8.1191111049868384e-12 1.2031512850726201e-18 3.7128045068758144e-03
6.5248778022784640e+16 1.1679829316472745e-10 1.9994044914650441e-28 5.9253104804864137e-22 8.1104559506839247e-12 1.7118439296413066e-18 3.8774171964077201e-03
7.3025558340082224e+16 1.1475472156279695e-10 2.7939197617826991e-28 7.2575994913439887e-22 8.1006755545082285e-12 2.4346882844849125e-18 4.0532253629499537e-03
8.1729226699364288e+16 1.1269633596204932e-10 3.9052829793408546e-28 8.8941077032505012e-22 8.0886380383024515e-12 3.4653149510166554e-18 4.2395643521648254e-03
9.1470255739350640e+16 1.1072429308589319e-10 5.4662399736152389e-28 1.0911400097895716e-21 8.0813476407948469e-12 4.9368027749564063e-18 4.4352149830278499e-03
1.0237228495748494e+17 1.0872384047140208e-10 7.6494152241588866e-28 1.3402220724696273e-21 8.0705793826126839e-12 7.0356374379278225e-18 4.6472951552317832e-03
1.1457369002312496e+17 1.0675234941965394e-10 1.0735354428429432e-27 1.6470269085393006e-21 8.0603519882185154e-12 1.0056316780652482e-17 4.8652345259535537e-03
1.2822933913184624e+17 1.0479743759248457e-10 1.5057163135031782e-27 2.0273297093145128e-21 8.0498124710991211e-12 1.4367873376430331e-17 5.1036099442297216e-03
1.4351255869363475e+17 1.0285600421907102e-10 2.1185249030289420e-27 2.4960038961152401e-21 8.0389391649289803e-12 2.0596997901228369e-17 5.3470426454427207e-03
1.6061733330479981e+17 1.0093341584212006e-10 2.9752255200455655e-27 3.0776459017049012e-21 8.0278662925344830e-12 2.9477111174949335e-17 5.6161826022532160e-03
1.7976076792705779e+17 9.9051087171993710e-11 4.1850046900093942e-27 3.7970405589566669e-21 8.0183726706187703e-12 4.2250971791379659e-17 5.8974957737499582e-03
2.0118584352539741e+17 9.7152461292643280e-11 5.8837313188208033e-27 4.6853466331780261e-21 8.0059161680040639e-12 6.0561834878251714e-17 6.1970986059444091e-03
2.2516450114103696e+17 9.5251111861158280e-11 8.2544598512500226e-27 5.7850442978878262e-21 7.9918436694034770e-12 8.6659984224457584e-17 6.5242009948291140e-03
2.5200109354459558e+17 9.3420445677651759e-11 1.1578427041203456e-26 7.1450114219181482e-21 7.9815503675099412e-12 1.2393889749953603e-16 6.8700069795000181e-03
2.8203624828006720e+17 9.1594890823227422e-11 1.6244372226328683e-26 8.8212678419435086e-21 7.9703380677225617e-12 1.7735020021672750e-16 7.2317585540903548e-03
3.1565119113191610e+17 8.9777189009438711e-11 2.2719334408803022e-26 1.0891033262564353e-20 7.9575886348917140e-12 2.5306355277412864e-16 7.6258503923829282e-03
3.5327258489149011e+17 8.7950711522151604e-11 3.1797404689561367e-26 1.3431796002066026e-20 7.9428808684126441e-12 3.6153663954785335e-16 8.0319051560584654e-03
3.9537794483962010e+17 8.6182766331123863e-11 4.4422443084077435e-26 1.6565330313657989e-20 7.9311008431821198e-12 5.1544461816648354e-16 8.4662027592307294e-03
4.4250169968217293e+17 8.4451890542217585e-11 6.2078225695221841e-26 2.0417779778804909e-20 7.9210301075018192e-12 7.3507206643513595e-16 8.9173164642282737e-03
4.9524197486797606e+17 8.2694916514533439e-11 8.6851967516523178e-26 2.5128069011469500e-20 7.9067779157758105e-12 1.0502697285057305e-15 9.3762651232751400e-03
5.5426818438730170e+17 8.0976233793988470e-11 1.2162522557174293e-25 3.0898969143849147e-20 7.8940038022144666e-12 1.5019866925543775e-15 9.8458536112579053e-03
6.2032952741110899e+17 7.9250728614975703e-11 1.7001935584029032e-25 3.7950744480828388e-20 7.8788444230467751e-12 2.1453349238755399e-15 1.0338784541877968e-02
6.9426449761582144e+17 7.7579756858669239e-11 2.3864653379143425e-25 4.6570254281742476e-20 7.8664835762783344e-12 3.0761443893951274e-15 1.0823228733957491e-02
7.7701152589230272e+17 7.5884088317192961e-11 3.3473393674054391e-25 5.7051515626268247e-20 7.8500075182097400e-12 4.4111215429164246e-15 1.1319883397172823e-02
8.6962089152306675e+17 7.4241383459177067e-11 4.7147953606763959e-25 6.9836772720022509e-20 7.8367837997044851e-12 6.3506297175467906e-15 1.1804013833573237e-02
9.7326805301235558e+17 7.2612280927705862e-11 6.6042843905921479e-25 8.5405152964753954e-20 7.8228587134051041e-12 9.0952719102260903e-15 1.2332926750103201e-02
1.0892685677726166e+18 7.0962448858171087e-11 9.2893756138125405e-25 1.0428281382664222e-19 7.8044801518605404e-12 1.3090551077765939e-14 1.2844144475848963e-02
1.2190947900376061e+18 6.9373707690170296e-11 1.3051457327772091e-24 1.2728074299585025e-19 7.7905352452494114e-12 1.8813261914817815e-14 1.3376292129362709e-02
1.3643945589432228e+18 6.7759971321541153e-11 1.8358213445849715e-24 1.5515382997664354e-19 7.7713873546277142e-12 2.7093006516685275e-14 1.3911074817723530e-02
1.5270121139771384e+18 6.6193685739209522e-11 2.5741241406797585e-24 1.8909170154174121e-19 7.7548823234653125e-12 3.8887759639510267e-14 1.4486032132862387e-02
1.7090115032700014e+18 6.4646373595803860e-11 3.5956710710946191e-24 2.3027832885657508e-19 7.7386970808103190e-12 5.5620615219286037e-14 1.5103966275223637e-02
1.9127027818411382e+18 6.3138043740259623e-11 5.0342391119575509e-24 2.8049038808294380e-19 7.7241720855221548e-12 7.9733846881085643e-14 1.5732781197397929e-02
2.1406713323244636e+18 6.1604774637676431e-11 7.0342084167574155e-24 3.4136265679154574e-19 7.7044254250021805e-12 1.1418284472474332e-13 1.6398389865990674e-02
2.3958106803319967e+18 6.0103216968651335e-11 9.8515696981494423e-24 4.1567850251966042e-19 7.6861631787382770e-12 1.6391085527562051e-13 1.7082679340644349e-02
2.6813592209693563e+18 5.8621301744505521e-11 1.3760693163996904e-23 5.0605277497376258e-19 7.6672970581142167e-12 2.3473878529630979e-13 1.7817547533499779e-02
3.0009413226595569e+18 5.7152614611123700e-11 1.9216647064434886e-23 6.1607544386125598e-19 7.6474973058751395e-12 3.3623390977266436e-13 1.8589899419547699e-02
3.3586133299923891e+18 5.5738761649058637e-11 2.6889269979262684e-23 7.5083057197553150e-19 7.6318308803469018e-12 4.8241599173927538e-13 1.9394285478395650e-02
3.7589150494969805e+18 5.4291109729587460e-11 3.7697221205329808e-23 9.1497412455619454e-19 7.6093381307731359e-12 6.9435348426410000e-13 2.0225058383362148e-02
4.2069273718291164e+18 5.2875412176743065e-11 5.2973071792120737e-23 1.1159412239849719e-18 7.5880162285180986e-12 1.0018469759630084e-12 2.1085643499437742e-02
4.7083367617508198e+18 5.1484705190678271e-11 7.4308487752135271e-23 1.3611153836619406e-18 7.5670243562128654e-12 1.4433119015991216e-12 2.2005772349081659e-02
5.2695074344522506e+18 5.0118823746404522e-11 1.0440077636699290e-22 1.6613599253727919e-18 7.5464032777408255e-12 2.0830651751731315e-12 2.2967378697605591e-02
5.8975621343239516e+18 4.8771946885782703e-11 1.4697180278847801e-22 2.0292741339184560e-18 7.5254113229782562e-12 3.0134495785502099e-12 2.3968378975887977e-02
6.6004725414772388e+18 4.7420651472732709e-11 2.0618651979327392e-22 2.4772102155754950e-18 7.5011963342355021e-12 4.3480322051445550e-12 2.5052378821016137e-02
7.3871604535098429e+18 4.6104940900799037e-11 2.8916122123984848e-22 3.0255514661018535e-18 7.4785869700797623e-12 6.2718054852343058e-12 2.6203589359916266e-02
8.2676110267834880e+18 4.4805807481977516e-11 4.0671139541459756e-22 3.6954592045212709e-18 7.4544662215861090e-12 9.0772026723209810e-12 2.7375249600138363e-02
9.2529995145450598e+18 4.3524105921886350e-11 5.6893590908523987e-22 4.5132479017112281e-18 7.4303062790689470e-12 1.3071742590161056e-11 2.8680887554131351e-02
1.0355833110532872e+19 4.2260843519953713e-11 7.9551369514733432e-22 5.5100673211406650e-18 7.4054600405162853e-12 1.8823895333673426e-11 3.0051350515385218e-02
1.1590109698442121e+19 4.1000687673278706e-11 1.1144917508738990e-21 6.7188702759315720e-18 7.3777324572758315e-12 2.7182269715196754e-11 3.1431293677661190e-02
1.2971495522199253e+19 3.9788976442549249e-11 1.5565949141358956e-21 8.1979349120875195e-18 7.3540400188503993e-12 3.9121260541158818e-11 3.2940886200736555e-02
1.4517524032154292e+19 3.8558095525928613e-11 2.1810516573941177e-21 9.9770601445406249e-18 7.3230266848661986e-12 5.6565336734644616e-11 3.4404228775439617e-02
1.6247818431073579e+19 3.7366736385933683e-11 3.0476195279877596e-21 1.2143918132582869e-17 7.2950995923419975e-12 8.1559692456482261e-11 3.5986190350725339e-02
1.8184340744635908e+19 3.6157945691513522e-11 4.2678263590736361e-21 1.4743896945788062e-17 7.2594302384219441e-12 1.1803287706058964e-10 3.7532460992596654e-02
2.0351670577794060e+19 3.5004784289734289e-11 5.9950058311129354e-21 1.7893763578536334e-17 7.2303646412200313e-12 1.7126247030878996e-10 3.9060984680172321e-02
2.2777317095162487e+19 3.3859075983374034e-11 8.4007247325176625e-21 2.1698411461243752e-17 7.1975585573708185e-12 2.4810850522200948e-10 4.0684783770034684e-02
2.5492068185284829e+19 3.2740140640781476e-11 1.1798233513971390e-20 2.6279711233671234e-17 7.1660145644192891e-12 3.6035989091090743e-10 4.2283587235609439e-02
2.8530381240608317e+19 3.1615527764931645e-11 1.6536033799424636e-20 3.1773816725364654e-17 7.1280105843407617e-12 5.2303519693628814e-10 4.3944395280001450e-02
3.1930820513194340e+19 3.0545141990879378e-11 2.3313223784839377e-20 3.8377135403481053e-17 7.0967054145378832e-12 7.6323834978429749e-10 4.5477890746967307e-02
3.5736546597374177e+19 2.9439525981848447e-11 3.2725671292095600e-20 4.6235834983942772e-17 7.0514977224401057e-12 1.1116235796695459e-09 4.7105217850717633e-02
3.9995864252175319e+19 2.8405692893799106e-11 4.5913871852406408e-20 5.5744481498921042e-17 7.0188370911336719e-12 1.6163616198292376e-09 4.8812070257392419e-02
4.4762835516848030e+19 2.7377355773098163e-11 6.4516377679306623e-20 6.7097178411054225e-17 6.9808354661787147e-12 2.3565598541355738e-09 5.0486297231104024e-02
5.0097965901546430e+19 2.6340450328729567e-11 9.0539109319557285e-20 8.0608078181149017e-17 6.9341867873721224e-12 3.4372650383125469e-09 5.2197398726478959e-02
5.6068972362751640e+19 2.5362119617724971e-11 1.2633343097208930e-19 9.6915569144524526e-17 6.8958025838673411e-12 4.9811858096634653e-09 5.4142914723375395e-02
6.2751642811070022e+19 2.4368654881103690e-11 1.7652271904504962e-19 1.1628052550918308e-16 6.8487858160233128e-12 7.2438433154235616e-09 5.6064880774673725e-02
7.0230798060854657e+19 2.3398403557627541e-11 2.4748403008440445e-19 1.3949135537427612e-16 6.8005145815167646e-12 1.0576962093044123e-08 5.7966968789007131e-02
7.8601368431337849e+19 2.2442258163464202e-11 3.4752150474662213e-19 1.6731292923320429e-16 6.7490832572847091e-12 1.5485139544957428e-08 5.9910836536545296e-02
8.7969598664186528e+19 2.1517738510965207e-11 4.8399225895237654e-19 2.0030303643971766e-16 6.6992659557724384e-12 2.2492709808674453e-08 6.2068323123512008e-02
9.8454396451101721e+19 2.0628506207394934e-11 6.7794359249276951e-19 2.4008307056362193e-16 6.6529236324847740e-12 3.2864404402172711e-08 6.4199384836029993e-02
1.1018884168783638e+20 1.9728739211561389e-11 9.5737824840157390e-19 2.8789198630773226e-16 6.5949434706535009e-12 4.8527084862156716e-08 6.6242716232623025e-02
1.2332187561108655e+20 1.8872238885551260e-11 1.3461781703299746e-18 3.4500171421614986e-16 6.5429811168118380e-12 7.1331127295988877e-08 6.8447606863367316e-02
