### 	 ACT DR6 combined spectrum ### 
# bin_center, Dl(data, fg sub), sigma(Dl(data))
5.93000000e+02 1.80655528e+01 6.58106583e-01
6.14000000e+02 2.41219285e+01 7.92786798e-01
6.35000000e+02 2.85052373e+01 9.14650107e-01
6.56000000e+02 3.38406910e+01 9.91763366e-01
6.77000000e+02 3.69121567e+01 1.05706130e+00
6.98000000e+02 3.68822461e+01 1.05631796e+00
7.19000000e+02 3.51286932e+01 1.03005263e+00
7.40000000e+02 3.19003373e+01 9.65169024e-01
7.61000000e+02 2.57031706e+01 8.73330605e-01
7.82000000e+02 1.92011784e+01 7.87995594e-01
8.03000000e+02 1.53449769e+01 4.63800839e-01
8.24000000e+02 1.25401226e+01 4.03378751e-01
8.45000000e+02 1.24001305e+01 3.97785776e-01
8.66000000e+02 1.60355414e+01 4.47146940e-01
8.87000000e+02 2.14771901e+01 5.23543122e-01
9.08000000e+02 2.48524123e+01 6.23701783e-01
9.29000000e+02 3.30358175e+01 7.21608486e-01
9.50000000e+02 3.68025792e+01 8.01347236e-01
9.71000000e+02 4.08876956e+01 8.59985791e-01
9.92000000e+02 4.16044105e+01 7.56005700e-01
1.01300000e+03 4.03539891e+01 7.30107193e-01
1.03400000e+03 3.75835939e+01 6.79352246e-01
1.05500000e+03 3.19946335e+01 5.86704857e-01
1.07600000e+03 2.57867127e+01 5.06292124e-01
1.09700000e+03 2.02932939e+01 4.24756187e-01
1.11800000e+03 1.60499886e+01 3.61484715e-01
1.13900000e+03 1.33587033e+01 3.22715808e-01
1.16000000e+03 1.30649070e+01 3.18492092e-01
1.18100000e+03 1.43861893e+01 3.43894441e-01
1.20200000e+03 1.82082787e+01 3.87515023e-01
1.22300000e+03 2.26505848e+01 4.41608144e-01
1.24400000e+03 2.44879259e+01 4.96744807e-01
1.26500000e+03 2.82111150e+01 5.32837325e-01
1.28600000e+03 3.02934108e+01 5.64193280e-01
1.30700000e+03 2.98201869e+01 5.62910675e-01
1.32800000e+03 2.89402969e+01 5.41018903e-01
1.34900000e+03 2.70096733e+01 5.12545674e-01
1.37000000e+03 2.20179262e+01 4.64732849e-01
1.39100000e+03 1.90290948e+01 4.14970061e-01
1.41200000e+03 1.59314647e+01 3.76303798e-01
1.43300000e+03 1.30277181e+01 3.47441452e-01
1.45400000e+03 1.14718871e+01 3.33802016e-01
1.47500000e+03 1.19609213e+01 3.36244614e-01
1.49600000e+03 1.33221286e+01 3.53536519e-01
1.51700000e+03 1.49058502e+01 3.79005803e-01
1.53800000e+03 1.61930215e+01 4.06138096e-01
1.55900000e+03 1.87364147e+01 4.37243067e-01
1.58000000e+03 2.02456912e+01 4.58646648e-01
1.60100000e+03 2.11027030e+01 4.72416632e-01
1.62200000e+03 2.03368296e+01 4.73009056e-01
1.64300000e+03 2.03659175e+01 4.62495778e-01
1.66400000e+03 1.82363398e+01 4.44203442e-01
1.68500000e+03 1.49489271e+01 4.22291460e-01
1.70600000e+03 1.31791911e+01 4.02291995e-01
1.72700000e+03 1.10924646e+01 3.82576624e-01
1.74800000e+03 9.76850800e+00 3.70536055e-01
1.76900000e+03 8.57014954e+00 3.61037844e-01
1.79000000e+03 8.06525325e+00 3.61843179e-01
1.81100000e+03 9.06443567e+00 3.72064485e-01
1.83200000e+03 8.51502425e+00 3.85615945e-01
1.85300000e+03 9.00075429e+00 3.99852415e-01
1.87400000e+03 9.78417830e+00 4.16027056e-01
1.89500000e+03 1.06069545e+01 4.27187292e-01
1.91600000e+03 1.04911309e+01 4.34415625e-01
1.93700000e+03 1.14148486e+01 4.37202180e-01
1.95800000e+03 1.05477375e+01 4.39949298e-01
1.97900000e+03 9.29344986e+00 4.38712065e-01
2.00000000e+03 8.74477172e+00 4.33699297e-01
2.02100000e+03 7.73337120e+00 4.30098496e-01
2.04200000e+03 7.41498180e+00 4.29111455e-01
2.06300000e+03 6.86739595e+00 4.27388997e-01
2.08400000e+03 5.69653781e+00 4.26227760e-01
2.10500000e+03 5.07393038e+00 4.32393849e-01
2.12600000e+03 6.08093873e+00 4.41301857e-01
2.14700000e+03 5.26088628e+00 4.51620196e-01
2.16800000e+03 5.66444660e+00 4.63049620e-01
2.18900000e+03 5.95065655e+00 4.72636420e-01
2.21000000e+03 6.07889869e+00 4.82204350e-01
2.23100000e+03 7.18024125e+00 4.91225838e-01
2.25200000e+03 6.02133391e+00 4.97276609e-01
2.27300000e+03 5.31069054e+00 5.00957503e-01
2.29400000e+03 5.06361793e+00 5.08987267e-01
2.31500000e+03 5.43538121e+00 5.12103526e-01
2.33600000e+03 4.30166668e+00 5.15358713e-01
2.35700000e+03 3.84859253e+00 5.20371500e-01
2.37800000e+03 3.73509106e+00 5.25642475e-01
2.39900000e+03 3.24107299e+00 5.34462939e-01
2.42000000e+03 3.56715615e+00 5.44756754e-01
2.44100000e+03 3.20970341e+00 5.51967477e-01
2.46200000e+03 3.19385206e+00 5.61671498e-01
2.48300000e+03 2.38917676e+00 5.72789086e-01
2.50400000e+03 2.41387566e+00 5.81228440e-01
2.52500000e+03 4.00250854e+00 5.87957042e-01
2.54600000e+03 3.09247590e+00 5.98216263e-01
2.56700000e+03 3.37808636e+00 6.09752107e-01
2.58800000e+03 2.87957355e+00 6.20143119e-01
2.60900000e+03 2.26625796e+00 6.31661461e-01
2.63000000e+03 2.60299768e+00 6.40855447e-01
2.65100000e+03 2.33494318e+00 6.48630663e-01
2.67200000e+03 2.10368994e+00 6.58635444e-01
2.71300000e+03 1.92075785e+00 3.72517329e-01
2.77400000e+03 1.20912516e+00 3.90415413e-01
2.83500000e+03 1.75673716e+00 4.09120983e-01
2.89600000e+03 1.31940703e+00 4.25544473e-01
2.95700000e+03 3.88946016e-01 4.46759207e-01
3.01800000e+03 2.46818380e+00 4.66995057e-01
3.07900000e+03 8.56337922e-01 4.87786311e-01
3.14000000e+03 8.93215194e-01 5.11537635e-01
3.20100000e+03 7.91692041e-01 5.35747817e-01
3.26200000e+03 5.59201952e-01 5.60091659e-01
3.32300000e+03 -2.23319457e-01 5.86733264e-01
3.38400000e+03 4.17144461e-01 6.13537056e-01
3.44500000e+03 5.17315958e-01 6.43356224e-01
3.50600000e+03 9.22984354e-03 6.70511962e-01
3.56700000e+03 1.16063825e-02 6.99675974e-01
3.62800000e+03 -2.18695480e-01 7.31048527e-01
3.68900000e+03 8.49221587e-01 7.62789550e-01
3.75000000e+03 4.55885813e-01 7.97269132e-01
3.81100000e+03 1.66957041e+00 8.34704310e-01
3.87200000e+03 3.27135097e-01 8.73241150e-01
3.96300000e+03 -9.84285067e-01 6.48535390e-01
4.08400000e+03 1.11137456e-01 7.07820503e-01
4.20500000e+03 6.11279483e-01 7.72416784e-01
4.32600000e+03 -1.08254363e+00 8.39234868e-01
4.44700000e+03 8.13890842e-01 9.14305650e-01
4.56800000e+03 -5.45637874e-01 9.98419935e-01
4.68900000e+03 -1.82550365e+00 1.10191145e+00
4.81000000e+03 5.31090267e-01 1.22386683e+00
4.93100000e+03 9.63666700e-01 1.31961873e+00
5.05200000e+03 -1.18432213e+00 1.45009733e+00
5.17300000e+03 2.57758377e+00 1.61201600e+00
5.29400000e+03 -2.08766820e+00 1.77289219e+00
5.41500000e+03 -1.61683274e+00 1.94008785e+00
5.53600000e+03 -1.70653517e+00 2.09255729e+00
5.65700000e+03 8.23768816e-01 2.24289419e+00
5.77800000e+03 -3.16209443e-01 2.41320085e+00
5.89900000e+03 2.14213011e+00 2.60532295e+00
6.02000000e+03 2.93263911e-01 2.82175806e+00
6.14100000e+03 -7.41090045e+00 3.10019312e+00
6.26200000e+03 4.77408177e+00 3.43264794e+00
6.38300000e+03 3.22267510e+00 3.73427617e+00
6.50400000e+03 3.81682396e+00 4.02402711e+00
6.62500000e+03 1.28383619e+00 4.36556662e+00
6.74600000e+03 -1.48468357e+00 4.85380398e+00
6.86700000e+03 -7.24801412e-01 5.36286887e+00
6.98800000e+03 7.48914017e+00 5.88102102e+00
7.10900000e+03 -4.90027010e+00 6.55163053e+00
7.23000000e+03 -2.12594852e-01 7.14317450e+00
7.35100000e+03 5.71968399e+00 7.66069608e+00
7.47200000e+03 -9.89724540e+00 8.13185325e+00
7.59300000e+03 3.63836859e-01 8.82990239e+00
7.71400000e+03 5.72466288e+00 9.69335677e+00
7.83500000e+03 7.02151898e+00 1.05379201e+01
7.95600000e+03 1.08790607e+00 1.14140833e+01
8.07700000e+03 1.31940030e+01 1.24007850e+01
8.19800000e+03 1.64664812e+00 1.35277488e+01
8.31900000e+03 -1.78944848e+01 1.46180496e+01
