### 	 ACT DR6 combined spectrum ### 
# bin_center, Dl(data, fg sub), sigma(Dl(data))
5.93000000e+02 3.93653514e+01 7.53913194e+00
6.14000000e+02 4.09235381e+01 7.32466220e+00
6.35000000e+02 2.08947232e+00 7.17905335e+00
6.56000000e+02 -2.09398602e+01 6.74137850e+00
6.77000000e+02 -4.86480853e+01 6.53840144e+00
6.98000000e+02 -9.11028638e+01 6.23166111e+00
7.19000000e+02 -1.08504751e+02 6.16091823e+00
7.40000000e+02 -1.36900749e+02 5.97749621e+00
7.61000000e+02 -1.35923519e+02 5.70725712e+00
7.82000000e+02 -1.06568728e+02 5.58882543e+00
8.03000000e+02 -8.78064575e+01 4.43614853e+00
8.24000000e+02 -4.58228787e+01 4.11682531e+00
8.45000000e+02 -8.47622028e+00 3.97939533e+00
8.66000000e+02 2.00950007e+01 3.83308678e+00
8.87000000e+02 5.52842157e+01 3.64901453e+00
9.08000000e+02 5.94783453e+01 3.58574041e+00
9.29000000e+02 5.72456615e+01 3.44152844e+00
9.50000000e+02 3.27736222e+01 3.48440904e+00
9.71000000e+02 2.08049168e+01 3.30840250e+00
9.92000000e+02 -1.38846593e+01 2.72732420e+00
1.01300000e+03 -3.86874469e+01 2.62566185e+00
1.03400000e+03 -6.12629392e+01 2.58498033e+00
1.05500000e+03 -7.32814485e+01 2.48258837e+00
1.07600000e+03 -8.13004197e+01 2.37246280e+00
1.09700000e+03 -7.05062490e+01 2.20033708e+00
1.11800000e+03 -5.58219573e+01 1.99137902e+00
1.13900000e+03 -3.79978150e+01 1.84864560e+00
1.16000000e+03 -1.79872990e+01 1.77628151e+00
1.18100000e+03 -5.47817687e+00 1.75807274e+00
1.20200000e+03 2.92821817e+00 1.79415085e+00
1.22300000e+03 5.37989135e+00 1.82415135e+00
1.24400000e+03 2.31192896e-01 1.82126078e+00
1.26500000e+03 -7.62470113e+00 1.85583392e+00
1.28600000e+03 -2.35208995e+01 1.82448064e+00
1.30700000e+03 -3.75862260e+01 1.80183817e+00
1.32800000e+03 -4.83594945e+01 1.78841387e+00
1.34900000e+03 -5.76338534e+01 1.80178197e+00
1.37000000e+03 -5.90711574e+01 1.73645514e+00
1.39100000e+03 -5.68010969e+01 1.64038124e+00
1.41200000e+03 -4.98442676e+01 1.55656376e+00
1.43300000e+03 -3.84742642e+01 1.46602940e+00
1.45400000e+03 -2.61904113e+01 1.38494604e+00
1.47500000e+03 -1.31079425e+01 1.35310535e+00
1.49600000e+03 -4.07070756e+00 1.32749864e+00
1.51700000e+03 3.72985857e+00 1.31114023e+00
1.53800000e+03 6.82982131e+00 1.27615962e+00
1.55900000e+03 4.38105403e+00 1.26870511e+00
1.58000000e+03 -1.97945644e+00 1.23673161e+00
1.60100000e+03 -6.55129724e+00 1.20653450e+00
1.62200000e+03 -1.48375210e+01 1.17686534e+00
1.64300000e+03 -2.39853523e+01 1.16139157e+00
1.66400000e+03 -2.69881730e+01 1.14728658e+00
1.68500000e+03 -2.98425286e+01 1.10963644e+00
1.70600000e+03 -2.90981798e+01 1.07534641e+00
1.72700000e+03 -2.48532802e+01 1.04416014e+00
1.74800000e+03 -2.28730039e+01 1.01039049e+00
1.76900000e+03 -1.43234275e+01 9.75471803e-01
1.79000000e+03 -1.18959682e+01 9.49602506e-01
1.81100000e+03 -9.24221984e+00 9.30451502e-01
1.83200000e+03 -3.84676455e+00 9.28033569e-01
1.85300000e+03 -5.94596002e+00 9.10007040e-01
1.87400000e+03 -4.07444959e+00 8.92882741e-01
1.89500000e+03 -7.40242653e+00 8.84851010e-01
1.91600000e+03 -1.15396326e+01 8.80196687e-01
1.93700000e+03 -1.44948886e+01 8.65778010e-01
1.95800000e+03 -1.75007279e+01 8.59635381e-01
1.97900000e+03 -1.69698608e+01 8.57543871e-01
2.00000000e+03 -1.78740998e+01 8.49338563e-01
2.02100000e+03 -1.60984754e+01 8.40704079e-01
2.04200000e+03 -1.51922267e+01 8.29617294e-01
2.06300000e+03 -1.45413969e+01 8.19686210e-01
2.08400000e+03 -9.19561755e+00 7.98984487e-01
2.10500000e+03 -7.26321156e+00 7.86846230e-01
2.12600000e+03 -5.59369393e+00 7.70906158e-01
2.14700000e+03 -3.77185614e+00 7.62191912e-01
2.16800000e+03 -3.56451610e+00 7.43249907e-01
2.18900000e+03 -3.08729419e+00 7.31279312e-01
2.21000000e+03 -3.63476174e+00 7.24802146e-01
2.23100000e+03 -5.95282142e+00 7.14081629e-01
2.25200000e+03 -5.85707890e+00 7.00257665e-01
2.27300000e+03 -8.31240794e+00 6.96115859e-01
2.29400000e+03 -8.86796032e+00 6.98637591e-01
2.31500000e+03 -8.07964796e+00 6.95182687e-01
2.33600000e+03 -7.93046215e+00 6.91210534e-01
2.35700000e+03 -6.56151760e+00 6.89534408e-01
2.37800000e+03 -7.36306983e+00 6.87735313e-01
2.39900000e+03 -5.75027557e+00 6.82463121e-01
2.42000000e+03 -4.62462258e+00 6.80692187e-01
2.44100000e+03 -3.04605523e+00 6.70898301e-01
2.46200000e+03 -4.36479780e+00 6.70583032e-01
2.48300000e+03 -3.22780911e+00 6.65558650e-01
2.50400000e+03 -3.21428288e+00 6.60581723e-01
2.52500000e+03 -3.47501723e+00 6.55076336e-01
2.54600000e+03 -2.99542055e+00 6.53200673e-01
2.56700000e+03 -4.79044452e+00 6.51706721e-01
2.58800000e+03 -4.69013576e+00 6.56485661e-01
2.60900000e+03 -4.71068553e+00 6.59098562e-01
2.63000000e+03 -4.44746550e+00 6.57839938e-01
2.65100000e+03 -4.88582543e+00 6.58574590e-01
2.67200000e+03 -3.08030976e+00 6.60392078e-01
2.71300000e+03 -2.97255415e+00 3.64528591e-01
2.77400000e+03 -1.72535783e+00 3.63910464e-01
2.83500000e+03 -1.60721220e+00 3.59896357e-01
2.89600000e+03 -1.52091112e+00 3.59404407e-01
2.95700000e+03 -1.97203518e+00 3.68041631e-01
3.01800000e+03 -1.12686524e+00 3.72599203e-01
3.07900000e+03 -1.25513324e+00 3.76722364e-01
3.14000000e+03 -1.08508189e+00 3.81601932e-01
3.20100000e+03 -1.07661360e+00 3.89926392e-01
3.26200000e+03 -1.13134333e+00 3.97612818e-01
3.32300000e+03 -6.54127344e-01 4.06972314e-01
3.38400000e+03 -9.92997833e-01 4.15392017e-01
3.44500000e+03 1.82197959e-01 4.26111291e-01
3.50600000e+03 -2.05220972e-01 4.37329688e-01
3.56700000e+03 2.74378043e-01 4.49257315e-01
3.62800000e+03 1.55111253e-01 4.62229220e-01
3.68900000e+03 -2.05628220e-01 4.75518717e-01
3.75000000e+03 -4.42759906e-01 4.90671500e-01
3.81100000e+03 7.64307809e-01 5.02644875e-01
3.87200000e+03 -3.05488204e-01 5.19159135e-01
3.96300000e+03 -5.84483887e-01 3.79982358e-01
4.08400000e+03 -9.75776375e-01 4.05942532e-01
4.20500000e+03 4.87493146e-01 4.33993765e-01
4.32600000e+03 -1.98812243e-01 4.67900733e-01
4.44700000e+03 1.14902111e-01 5.01554305e-01
4.56800000e+03 -2.34725845e-01 5.44827460e-01
4.68900000e+03 -1.42231458e-01 5.95036921e-01
4.81000000e+03 8.01076078e-01 6.55328066e-01
4.93100000e+03 4.36254051e-02 7.06848479e-01
5.05200000e+03 1.72471285e-01 7.66625868e-01
5.17300000e+03 -1.04889668e+00 8.48794841e-01
5.29400000e+03 1.39456466e-01 9.27182250e-01
5.41500000e+03 -1.79496564e+00 1.01113778e+00
5.53600000e+03 -2.41609133e+00 1.08399588e+00
5.65700000e+03 2.53489239e-02 1.15126721e+00
5.77800000e+03 9.91380259e-01 1.23628766e+00
5.89900000e+03 -1.16058557e+00 1.32680851e+00
6.02000000e+03 -3.68133826e+00 1.42755488e+00
6.14100000e+03 -1.89079178e-01 1.55687609e+00
6.26200000e+03 1.46402364e+00 1.71816613e+00
6.38300000e+03 3.50988002e+00 1.86150080e+00
6.50400000e+03 4.16283517e+00 2.00176994e+00
6.62500000e+03 -4.83225992e-01 2.18224215e+00
6.74600000e+03 2.88367600e+00 2.40767410e+00
6.86700000e+03 4.20411371e+00 2.64681488e+00
6.98800000e+03 -3.14686341e-02 2.89869340e+00
7.10900000e+03 -4.55528901e+00 3.22632108e+00
7.23000000e+03 -3.10979755e+00 3.51473039e+00
7.35100000e+03 -7.36045525e-01 3.75250627e+00
7.47200000e+03 -1.73528668e+00 4.02212689e+00
7.59300000e+03 -4.35328556e-01 4.34177178e+00
7.71400000e+03 -9.14364232e+00 4.75955777e+00
7.83500000e+03 6.33962956e+00 5.16935157e+00
7.95600000e+03 3.84640932e+00 5.60687470e+00
8.07700000e+03 2.52553003e+00 6.11616189e+00
8.19800000e+03 2.46671952e+00 6.67924652e+00
8.31900000e+03 -5.97338665e+00 7.28072912e+00
