# k_modes P_R(k) P_S(k) P_RS(k) 
4.5762420829693765e-05 1.6588582901969031e-09 1.1870195373230933e-67 -1.1022228762276084e-38
5.0873102549983918e-05 1.4694143107354882e-09 1.1039485064024482e-67 -9.6455403283514092e-39
5.6554537896777149e-05 1.3030619673018799e-09 1.0312851731158124e-67 -8.4066233103939255e-39
6.2870467818932233e-05 1.1577358461793866e-09 9.5813530662820145e-68 -7.2524249995039881e-39
6.9891751763330093e-05 1.0315393001860959e-09 8.9184546899188150e-68 -6.2064687085317376e-39
7.7697162658553888e-05 9.2273201401362802e-10 8.3203286537151044e-68 -5.2590114885140661e-39
8.6374270681209594e-05 8.2971624442980965e-10 7.7680280846067369e-68 -4.3964593516348425e-39
9.6020425720005545e-05 7.5112676751710495e-10 7.2496613201272065e-68 -3.6105317353389738e-39
1.0674384956001560e-04 6.8566483152714064e-10 6.6726729263389552e-68 -2.8765958714844248e-39
1.1866485004051890e-04 6.3189212200496639e-10 6.3005228047732272e-68 -2.2452025844076783e-39
1.3191717080825112e-04 5.8866748435981955e-10 5.8818004142061114e-68 -1.6569691083726243e-39
1.4664949180916864e-04 5.5496930996700875e-10 5.4939038130873867e-68 -1.1239603441616457e-39
1.6302709735298738e-04 5.2986288253873525e-10 5.1331530794927179e-68 -6.4139278137922526e-40
1.8123373046478406e-04 5.1249359366818560e-10 4.7976717801612758e-68 -2.0510280228652172e-40
2.0147365432793279e-04 5.0208183262609255e-10 4.5359898016351542e-68 1.8980844050087247e-40
2.2397394394604026e-04 4.9791741276010092e-10 4.2048693564122578e-68 5.4433187405289233e-40
2.4898703373441060e-04 4.9935283015893658e-10 3.9250214436851369e-68 8.6303098324874152e-40
2.7679354962288036e-04 5.0580015338119546e-10 3.6792470533021928e-68 1.1506247533120875e-39
3.0770545744384926e-04 5.1672409101916755e-10 3.4083527158968834e-68 1.4002162925403522e-39
3.4206956292778378e-04 5.3164100904044701e-10 3.1639016380042135e-68 1.6214747560835894e-39
3.8027140257321424e-04 5.5011289831288797e-10 3.0322872062690637e-68 1.8450098400503006e-39
4.2273956904352876e-04 5.7174509039334647e-10 2.8425364289691953e-68 2.0273848273191242e-39
4.6995051961789674e-04 5.9618323413427622e-10 2.6532528151569885e-68 2.1838360787592965e-39
5.2243392164311511e-04 6.2311199663106764e-10 2.5066719936334110e-68 2.3342738767219628e-39
5.8077859495787323e-04 6.5221394676586224e-10 2.3521744535196378e-68 2.4593949248092466e-39
6.4563911795846259e-04 6.8311759300062790e-10 2.2204643919617852e-68 2.5751747365796738e-39
7.1774317142045798e-04 7.1574016742461781e-10 2.1361286499353196e-68 2.7019999874653145e-39
7.9789970246790429e-04 7.4987670237400555e-10 1.9688868361052664e-68 2.7580172578260773e-39
8.8700800028290348e-04 7.8536246765568867e-10 1.8565016025986246e-68 2.8325445537017205e-39
9.8606778537747831e-04 8.2205507286586661e-10 1.7549276288678284e-68 2.8996729864844794e-39
1.0961904256208833e-03 8.5983411273585213e-10 1.6239673088603518e-68 2.9255494275689496e-39
1.2186114048568111e-03 8.9859991474308144e-10 1.5517275687747596e-68 2.9891761576261329e-39
1.3547041839979377e-03 9.3827143254736853e-10 1.4793324755180712e-68 3.0416394207221845e-39
1.5059956101076866e-03 9.7878589496011511e-10 1.3952333846815391e-68 3.0703559985373099e-39
1.6741830463462095e-03 1.0200964878206348e-09 1.3276028509085754e-68 3.1058484471851732e-39
1.8611534149642393e-03 1.0621727507457216e-09 1.2583937694604078e-68 3.1292434114428953e-39
2.0690043669912670e-03 1.1049913372029699e-09 1.1948894792865121e-68 3.1497857656834712e-39
2.3000678161242210e-03 1.1485446175514343e-09 1.1357475101970204e-68 3.1668739633525701e-39
2.5569361008471818e-03 1.1928362531049838e-09 1.0805830126943911e-68 3.1809240696845005e-39
2.8424910682992200e-03 1.2378785959258220e-09 9.9636571280374015e-69 3.1412029016471666e-39
3.1599364061869989e-03 1.2836885567443262e-09 9.8060723409833735e-69 3.2009782407459121e-39
3.5128335854791486e-03 1.3302862570187065e-09 9.3526362005873897e-69 3.2076584487645134e-39
3.9051418171293520e-03 1.3773943544144411e-09 8.8860039247512718e-69 3.2046683226798170e-39
4.3412624711091259e-03 1.4252498106212873e-09 8.5476156739718961e-69 3.2185362243035679e-39
4.8260884560946656e-03 1.4739337863127291e-09 8.0507620173970578e-69 3.1960827562113914e-39
5.3650591138065112e-03 1.5234678188499782e-09 7.8386809659802674e-69 3.2245696949895411e-39
5.9642212438705674e-03 1.5738646066219210e-09 7.4879666341228993e-69 3.2202903357217265e-39
6.6302969438483362e-03 1.6251301412562491e-09 7.2254939310332942e-69 3.2302995566556008e-39
7.3707590255447280e-03 1.6772648620246759e-09 7.0455896784687463e-69 3.2554746449617392e-39
8.1939148537012764e-03 1.7302668119670108e-09 6.6718273620387671e-69 3.2313968303842936e-39
9.1089995476747385e-03 1.7841307509895530e-09 6.3938417559372429e-69 3.2250762093363531e-39
1.0126279591745871e-02 1.8388324955269093e-09 6.1855745255870129e-69 3.2324267551133458e-39
1.1257168016479347e-02 1.8943302994750940e-09 6.0225594267746710e-69 3.2486583557656513e-39
1.2514352443373246e-02 1.9505647280245791e-09 5.8282190015231065e-69 3.2535346595490161e-39
1.3911937429351897e-02 2.0074655160154671e-09 5.6514981452944698e-69 3.2602022270606238e-39
1.5465602708088090e-02 2.0649588667963059e-09 5.4761317384249152e-69 3.2642060782230102e-39
1.7192779103490000e-02 2.1229612477202752e-09 5.2872515252867382e-69 3.2608932109627725e-39
1.9112844088954643e-02 2.1813725748308704e-09 5.3268065315366459e-69 3.3261228530912999e-39
2.1247339186399202e-02 2.2400714833080620e-09 5.0241592603221956e-69 3.2810990805063119e-39
2.3620211644105278e-02 2.2985861805537209e-09 4.8933805045146539e-69 3.2872767663551077e-39
2.6258083104799181e-02 2.3569356496617875e-09 4.7705962302529770e-69 3.2933069456078105e-39
2.9190548278199294e-02 2.4151891585542312e-09 4.6577379793484402e-69 3.3002195600180550e-39
3.2450506968886392e-02 2.4732074293688549e-09 4.5525346333788113e-69 3.3073807458413751e-39
3.6074533184571746e-02 2.5308313907304520e-09 4.3320471568979929e-69 3.2688556041067267e-39
4.0103285465848848e-02 2.5878705945742021e-09 4.3545958324975233e-69 3.3189326752890623e-39
4.4581963040984968e-02 2.6441300563537448e-09 4.2682762011443713e-69 3.3258640037895656e-39
4.9560812923427643e-02 2.6994162055564284e-09 4.1777614112780567e-69 3.3287203640643679e-39
5.5095693641235517e-02 2.7535154543875720e-09 4.1045953297903617e-69 3.3360754596861368e-39
6.1248701923005938e-02 2.8061698963451004e-09 4.0092452456551246e-69 3.3318614437431226e-39
6.8088869371190769e-02 2.8570588184704220e-09 3.9554135755948488e-69 3.3423666266467425e-39
7.5692936938891980e-02 2.9058476220957775e-09 3.8982929521663880e-69 3.3491353132827493e-39
8.4146215899118249e-02 2.9522843838179676e-09 3.8290041194886604e-69 3.3481411458326723e-39
9.3543544965856998e-02 2.9962846412145161e-09 3.7703781110967062e-69 3.3492820218595455e-39
1.0399035430505918e-01 3.0379201119685704e-09 3.7099927636352411e-69 3.3472879688093602e-39
1.1560384837284927e-01 3.0772374718372138e-09 3.6549619001637310e-69 3.3454785065364787e-39
1.2851432085141537e-01 3.1140699560964826e-09 3.5983068332259060e-69 3.3407069995014759e-39
1.4286661643505852e-01 3.1476144435826681e-09 3.5461473630132115e-69 3.3354649529683519e-39
1.5882175586641897e-01 3.1778863948161734e-09 3.4956276376583541e-69 3.3285711924341504e-39
1.7655874245442341e-01 3.2046737687043228e-09 3.4466313354162589e-69 3.3199713168400378e-39
1.9627657034157359e-01 3.2278528152411467e-09 3.3974310249386904e-69 3.3088539885026009e-39
2.1819645705165427e-01 3.2474830874571165e-09 3.3489786936733705e-69 3.2957806847698103e-39
2.4256432536517653e-01 3.2636077272386743e-09 3.2997983579516260e-69 3.2801162441959628e-39
2.6965356236712157e-01 3.2761037320162856e-09 3.2553838443417913e-69 3.2646093936516814e-39
2.9976808662119153e-01 3.2847940984675655e-09 3.2072020574438643e-69 3.2449805174526795e-39
3.3324575788169442e-01 3.2896496608848366e-09 3.1613856859658889e-69 3.2243503233787786e-39
3.7046216759717693e-01 3.2907454420113769e-09 3.1134802478874187e-69 3.2005469875755064e-39
4.1183485273208237e-01 3.2880655314346856e-09 3.0639150078045684e-69 3.1738103300130857e-39
4.5782798018198628e-01 3.2815951989318543e-09 3.0152086391066964e-69 3.1454752515947805e-39
5.0895755433762646e-01 3.2714138837318790e-09 2.9692767016299754e-69 3.1166374400497246e-39
5.6579720622223795e-01 3.2575851574489159e-09 2.8179506640196571e-69 3.0297888429205840e-39
6.2898462915146724e-01 3.2402121575120252e-09 2.8731937041433475e-69 3.0511876214804218e-39
6.9922873311858236e-01 3.2193496183997050e-09 2.8256831965308168e-69 3.0160997598039697e-39
7.7731759817119395e-01 3.1948373283115333e-09 2.7748147054548839e-69 2.9774217877417579e-39
8.6412731600971493e-01 3.1672477319783400e-09 2.7249302528510556e-69 2.9377603347111699e-39
9.6063181900289263e-01 3.1367143598365441e-09 2.6762730904527576e-69 2.8973371556640269e-39
1.0679138068937422e+00 3.1033970192202795e-09 2.6326951234125914e-69 2.8583431447027021e-39
1.1871768937843714e+00 3.0674978043654045e-09 2.5755416659770106e-69 2.8107455580213383e-39
1.3197591116787046e+00 3.0292587093951128e-09 2.5229157740797080e-69 2.7644905424563705e-39
1.4671479220815451e+00 2.9889355684558756e-09 2.4741415169454329e-69 2.7193631209032114e-39
1.6309969040715568e+00 2.9467658159551515e-09 2.4274261312481676e-69 2.6745085261720291e-39
1.8131443060743744e+00 2.9029722955897528e-09 2.3759833775449139e-69 2.6262900358833323e-39
2.0156336694712031e+00 2.8577581813316657e-09 2.6113351731073592e-69 2.7317691657996724e-39
2.2407367554225410e+00 2.8113300094659708e-09 2.2783681928378879e-69 2.5308476527789749e-39
2.4909790321267842e+00 2.7639517052697554e-09 2.1795748095368805e-69 2.4543890825114560e-39
2.7691680084594332e+00 2.7159163809031219e-09 2.2679060708352212e-69 2.4817075151225795e-39
3.0784247318726083e+00 2.6675041261109369e-09 2.1380509016336368e-69 2.3879143706970025e-39
3.4222188039349390e+00 2.6189770862199600e-09 2.0945677450588307e-69 2.3417067688289766e-39
3.8044073063568931e+00 2.5705485406397176e-09 1.9991662955883856e-69 2.2661970481515041e-39
4.2292780742189038e+00 2.5227875949635382e-09 2.0096320936919716e-69 2.2504415551378627e-39
4.7015978018918236e+00 2.4758197996907302e-09 1.9726456215815994e-69 2.2081011388707525e-39
5.2266655213576971e+00 2.4299462007631460e-09 1.9347192886847758e-69 2.1654464305656404e-39
5.8103720529129754e+00 2.3854877888470584e-09 1.8535356084352184e-69 2.0987095552178633e-39
6.4592660952412393e+00 2.3427966356933422e-09 1.9061517589730570e-69 2.1072705000500523e-39
7.1806276963307383e+00 2.3022346087905803e-09 1.8422665900817551e-69 2.0510469566194909e-39
7.9825499295189486e+00 2.2642025818844167e-09 1.8163200232889089e-69 2.0161565931237728e-39
8.8740296910009846e+00 2.2291266375307146e-09 1.7950064450917727e-69 1.9839784119869228e-39
9.8650686374739198e+00 2.1974712839698517e-09 1.7759594365697177e-69 1.9530350601174723e-39
1.0966785396352888e+01 2.1697290881873478e-09 1.7596418745699451e-69 1.9233122594602219e-39
1.2191540307463669e+01 2.1464172437463145e-09 1.7478268948426247e-69 1.8954079460901993e-39
1.3553074095709114e+01 2.1280653349015916e-09 1.7410663617952586e-69 1.8690429360307375e-39
1.5066662030500675e+01 2.1152108461711311e-09 1.7365837225813080e-69 1.8419738783568677e-39
1.6749285301494812e+01 2.1083540794949194e-09 1.8532867916683876e-69 1.8745897423886376e-39
1.8619821533326562e+01 2.1079186482969909e-09 1.7418628190618355e-69 1.7853357513422735e-39
2.0699256576756142e+01 2.1142865534971003e-09 1.7427423097897678e-69 1.7482718844892833e-39
2.3010919952347962e+01 2.1275010205427603e-09 1.7672755177942295e-69 1.7150406566915440e-39
2.5580746588163016e+01 2.1472054288542243e-09 1.7766899110665720e-69 1.6635101801164678e-39
2.8437567787942502e+01 2.1726718952487745e-09 1.8217512470283728e-69 1.6147819182156660e-39
3.1613434694202109e+01 2.2025994969151797e-09 1.8657996294743975e-69 1.5464160225621705e-39
3.5143977875222163e+01 2.2349878349366151e-09 2.0511873057737929e-69 1.5064321382371222e-39
3.9068807070198588e+01 2.2670503522612306e-09 1.8711318676512769e-69 1.2965250584421190e-39
4.3431955577360782e+01 2.2952084093154230e-09 2.1281637497252695e-69 1.2213348904451247e-39
4.8282374270718996e+01 2.3151987720598039e-09 2.2914553442420917e-69 1.0551057123074519e-39
5.3674480787895618e+01 2.3223626170845051e-09 2.5250400771116044e-69 8.5050769793208688e-40
5.9668770050468247e+01 2.3121364089676118e-09 2.8571344855288292e-69 5.9814272949045018e-40
6.6332492966351523e+01 2.2807524711514996e-09 3.2120463752605788e-69 2.5027672173416777e-40
7.3740410928690594e+01 2.2260952651576903e-09 3.7506867549183914e-69 -1.6348936273398107e-40
8.1975634576111972e+01 2.1485533647383665e-09 4.9990615609174610e-69 -5.5167673763809592e-40
9.1130556224519978e+01 2.0516678802566463e-09 6.1744122725353300e-69 -1.1691501063566720e-39
1.0130788643154271e+02 1.9422783413539938e-09 8.5893328486665147e-69 -1.7566793586458731e-39
1.1262180632301320e+02 1.8299553793259986e-09 1.1685955630246773e-68 -2.5513788096755786e-39
1.2519924860962428e+02 1.7257382016822921e-09 1.6190150650997165e-68 -3.5137245055383894e-39
1.3918132166569146e+02 1.6398684259087203e-09 2.2788360908486466e-68 -4.6653182360688723e-39
1.5472489264699598e+02 1.5800134176993644e-09 3.2246538301383288e-68 -6.0630002704398341e-39
1.7200434740896449e+02 1.5496149785031822e-09 4.5937086014036459e-68 -7.7065085580072593e-39
1.9121354696999467e+02 1.5476103155636184e-09 6.4895602210849403e-68 -9.6555779091858308e-39
2.1256800246980728e+02 1.5693986803180756e-09 9.2968462841420243e-68 -1.1922177683326937e-38
2.3630729302403705e+02 1.6086546325868007e-09 1.3155553169680959e-67 -1.4533195491531936e-38
2.6269775360136651e+02 1.6591934650968246e-09 1.8302668663475281e-67 -1.7381696807890958e-38
2.9203546307893515e+02 1.7161692933350611e-09 2.5420027629923214e-67 -2.0588129914638021e-38
3.2464956599950330e+02 1.7763921297008924e-09 3.5640428513172946e-67 -2.4363365532880406e-38
3.6090596529770733e+02 1.8380318933532817e-09 4.8760944506425233e-67 -2.8263868558137553e-38
4.0121142742469874e+02 1.9001369927111317e-09 6.5928239850285641e-67 -3.2330353383841994e-38
4.4601814592724020e+02 1.9622613081237869e-09 8.7870502585693822e-67 -3.6535106891381879e-38
4.9582881468078187e+02 2.0242530828575099e-09 1.1542106323098668e-66 -4.0287892810860572e-38
5.5120226769395720e+02 2.0861219167592008e-09 1.4879710751172388e-66 -4.4700531680023935e-38
6.1275974875837926e+02 2.1479277360924185e-09 3.1767667567521821e-66 -6.2452486650759244e-38
6.8119188128396081e+02 2.2096699454102890e-09 2.3014328721726406e-66 -5.0640157093508459e-38
7.5726641651547675e+02 2.2717804987164840e-09 2.7371357978369957e-66 -5.2331371632223598e-38
8.4183684705887276e+02 2.3330575264604029e-09 3.0090000571267794e-66 -4.9987690472321834e-38
9.3585198235387486e+02 2.3925339226671561e-09 3.3715791170847225e-66 -5.0102430640806944e-38
1.0403665935216875e+03 2.4485773343762248e-09 3.3649050706903539e-66 -4.4862865025717935e-38
1.1565532470140613e+03 2.4988285972767983e-09 3.0260879796133288e-66 -3.8656177117028336e-38
1.2857154598273676e+03 2.5401693724091038e-09 2.2593127459308165e-66 -2.9673712637966207e-38
1.4293023238721678e+03 2.5688477926393536e-09 1.1674539264119995e-66 -1.9427709010884513e-38
1.5889247635714667e+03 2.5808160830236575e-09 1.7959964811772782e-67 -9.9751578999591763e-39
1.7663736090842879e+03 2.5723192197359163e-09 3.3436460762367050e-67 -4.4803872264579430e-39
1.9636396879210185e+03 2.5406742049585575e-09 3.3014979611537841e-66 -9.8099989921987435e-39
2.1829361603616217e+03 2.4850207810910871e-09 1.3316424158577959e-65 -2.1663407467513993e-38
2.4267233492614173e+03 2.4067983033807590e-09 3.4659652865698071e-65 -5.5980614986269395e-38
2.6977363428140711e+03 2.3097133932797466e-09 7.5214026558628048e-65 -1.1508097681828011e-37
2.9990156799516767e+03 2.1991682377472762e-09 1.3564646064297124e-64 -2.1689844029910969e-37
3.3339414626464454e+03 2.0813343654028210e-09 2.6109194723169415e-64 -3.3040274107660944e-37
3.7062712778254695e+03 1.9621714026966035e-09 4.3606667145447247e-64 -5.0155435185000330e-37
4.1201823543506971e+03 1.8466864549755514e-09 7.1009704501439863e-64 -7.2025133266460987e-37
4.5803184280301512e+03 1.7385595801214103e-09 1.1368327487430836e-63 -9.7311220659030289e-37
5.0918418404465956e+03 1.6402457897044962e-09 1.7531669487414126e-63 -1.2910775045139682e-36
5.6604914561088226e+03 1.5526424226516564e-09 2.5690946878947024e-63 -1.6750315538282284e-36
6.2926470477077582e+03 1.4759270483476761e-09 3.8923126779512381e-63 -2.1289103889907550e-36
6.9954008718255982e+03 1.4096774810510450e-09 5.9853127678965861e-63 -2.6541290003757758e-36
7.7766372381181736e+03 1.3530929584599418e-09 8.6788184735232695e-63 -3.2761261469590149e-36
8.6451209646693897e+03 1.3051784678860455e-09 1.2636007274299044e-62 -3.9727604742792252e-36
9.6105957119136474e+03 1.2648734397377534e-09 1.8351984795228250e-62 -4.7892089232285878e-36
1.0683893298349563e+04 1.2311351872446691e-09 2.6482178780114867e-62 -5.7088835844602130e-36
1.1877055224476890e+04 1.2029871647020556e-09 3.8031374814515950e-62 -6.7453849953587587e-36
1.3203467768352262e+04 1.1795406885025510e-09 5.4426349250792754e-62 -7.9123610424075531e-36
1.4678012168424182e+04 1.1600061106428712e-09 7.7411851541163567e-62 -9.2009332017823610e-36
1.6317231578571422e+04 1.1436942418230619e-09 1.0947788711465477e-61 -1.0598811685395815e-35
1.8139516668442309e+04 1.1300117164506426e-09 1.5439958805802176e-61 -1.2135784829056948e-35
2.0165311951373478e+04 1.1184497887192249e-09 2.1620035013320289e-61 -1.3749098758206456e-35
2.2417345154716684e+04 1.1085828779484892e-09 3.0196313265313186e-61 -1.5474647075716931e-35
2.4920882205914462e+04 1.1000495395404951e-09 4.1907818364937314e-61 -1.7178286923693075e-35
2.7704010695057506e+04 1.0925526479473605e-09 5.6930276227402149e-61 -1.8606992705177040e-35
3.0797954994133564e+04 1.0858316128827092e-09 7.9670130434921389e-61 -2.0540181118075068e-35
3.4237426568345159e+04 1.0796963306512038e-09 1.0906649351205169e-60 -2.2010286782823885e-35
3.8061013409692459e+04 1.0739919953406864e-09 1.4374353142735754e-60 -2.2345046144939810e-35
4.2311612961943880e+04 1.0685943421884871e-09 1.9839825435418961e-60 -2.3203770901827426e-35
4.7036913394046067e+04 1.0634001492732533e-09 2.7317463962540202e-60 -2.3799229592623014e-35
5.2289928621462648e+04 1.0583335429449053e-09 3.6868871186803479e-60 -2.3042384317316604e-35
5.8129593077928184e+04 1.0533351623343345e-09 4.8914462838823568e-60 -2.1272901437108052e-35
6.4621422910464309e+04 1.0483607207526537e-09 6.6494303435572137e-60 -1.7291870884280736e-35
7.1838251015706235e+04 1.0433785240822434e-09 8.9472489731286948e-60 -1.3185028738462120e-35
7.9861044164039107e+04 1.0383661178534195e-09 1.1944415756403147e-59 -4.2448082636694495e-36
8.8779811378985032e+04 1.0333099843764539e-09 1.6073653298088349e-59 5.5457872106186504e-36
9.8694613763106026e+04 1.0282015940438921e-09 2.1255012754848400e-59 2.2675476748160686e-35
1.0971668709981433e+05 1.0230374438979439e-09 2.8765280421658159e-59 4.0778535381825671e-35
1.2196968982575380e+05 1.0178163315476081e-09 3.8694270122536256e-59 6.6394848726645010e-35
1.3559109037494540e+05 1.0125403474426030e-09 5.2072947350771854e-59 9.8154937847839989e-35
1.5073370945955065e+05 1.0072131862989609e-09 6.8629761834282387e-59 1.4024504525565672e-34
1.6756743459033698e+05 1.0018394578341272e-09 9.6252499408379450e-59 1.8532843996015316e-34
1.8628112607234638e+05 9.9641112968099753e-10 1.3140256976865996e-58 2.4683753718665553e-34
2.0708473585942408e+05 9.9093786846052870e-10 1.8018653625519148e-58 3.1789150845271155e-34
2.3021166303940339e+05 9.8543356224242327e-10 2.5022653931415298e-58 4.0504302214484696e-34
2.5592137237649405e+05 9.7990509502622695e-10 3.4803373233332315e-58 5.0168264708066403e-34
2.8450230528875528e+05 9.7435723347393875e-10 4.8477893615406152e-58 6.2767963025365087e-34
3.1627511591935519e+05 9.6879472875286465e-10 6.7899705455228288e-58 7.6987748115089507e-34
3.5159626860765106e+05 9.6322227557066840e-10 9.5228165208554385e-58 9.3411536704529278e-34
3.9086203712069785e+05 9.5764417605739315e-10 1.3397465125485560e-57 1.1233072008397519e-33
4.3451295051319740e+05 9.5206312567863188e-10 1.8892999001329727e-57 1.3404805978523490e-33
4.8303873549475305e+05 9.4648296665552951e-10 2.6584857070575942e-57 1.5840977588710066e-33
5.3698381075360440e+05 9.4090644544915721e-10 3.7423638264425192e-57 1.8579697884366153e-33
5.9695339487861039e+05 9.3533620755659953e-10 5.2666927387770495e-57 2.1661424017863930e-33
6.6362029640519246e+05 9.2977400028187774e-10 7.3857700093236199e-57 2.4945523764283939e-33
7.3773246216393542e+05 9.2422208418124259e-10 1.0368370268424350e-56 2.8591196565362410e-33
8.2012136861792614e+05 9.1868156342331271e-10 1.4418884408850584e-56 3.2387651897323548e-33
9.1171135033269180e+05 9.1315388849309711e-10 2.0052569481706418e-56 3.6391146394165013e-33
1.0135299702362715e+06 9.0764071821241232e-10 2.7825002454847688e-56 4.0858413378668492e-33
1.1267195480151598e+06 9.0213333909318377e-10 3.8165674213862262e-56 4.4483434770824647e-33
1.2525499759849617e+06 8.9663040875093670e-10 5.2687182595818217e-56 4.8288781076313253e-33
1.3924329662192259e+06 8.9114380739719679e-10 7.1070512420557194e-56 5.0719285604738067e-33
1.5479378887771759e+06 8.8567401492423253e-10 9.7829220619144804e-56 5.4457485398198380e-33
1.7208093787221529e+06 8.8022147523427610e-10 1.3466418817301704e-55 5.6235862800321392e-33
1.9129869094666040e+06 8.7478563723424578e-10 1.8139740300338108e-55 5.6207564919768094e-33
2.1266265520403585e+06 8.6936794848875719e-10 2.4491734456342069e-55 5.4262217640671821e-33
2.3641251644027513e+06 8.6396747449613067e-10 3.2983689835824226e-55 4.9060697816528140e-33
2.6281472821826637e+06 8.5858486082443084e-10 4.4305921662932017e-55 4.0556554724789000e-33
2.9216550125378193e+06 8.5322035160300942e-10 5.9584694369022505e-55 2.8303330027739501e-33
3.2479412665176955e+06 8.4787370535778565e-10 7.9514049519078091e-55 8.0446630101503848e-34
3.6106667027690271e+06 8.4254481582241172e-10 1.0693453952835011e-54 -1.7244371550633164e-33
4.0139007970617143e+06 8.3723400343445519e-10 1.4318275558862341e-54 -5.2899369278441673e-33
4.4621674984004302e+06 8.3194137630352337e-10 1.9251859189172177e-54 -9.7812587293830701e-33
4.9604959839457385e+06 8.2666660977274608e-10 2.5909899449143614e-54 -1.5775081063898604e-32
5.5144770821719477e+06 8.2140979929799942e-10 3.4974451697218266e-54 -2.3293107974392156e-32
6.1303259972828561e+06 8.1617123536642913e-10 4.7519132195042112e-54 -3.2506810986660335e-32
6.8149520386002157e+06 8.1094472044061371e-10 6.4800122738079382e-54 -4.3947460825347513e-32
7.5760361372309746e+06 8.0572347318388460e-10 8.8708160781345258e-54 -5.8030129897865564e-32
8.4221170196846370e+06 8.0052048610670917e-10 1.2197678224281817e-53 -7.5160713857689806e-32
9.3626870052374713e+06 7.9533549445615383e-10 1.6881791704061851e-53 -9.5408329993681621e-32
1.0408298501808828e+07 7.9016845751600096e-10 2.3471924307371709e-53 -1.1943063690109685e-31
1.1570682395145241e+07 7.8501913430473569e-10 3.2782410762218596e-53 -1.4751178838705612e-31
1.2862879659538660e+07 7.7988775398256258e-10 4.5917541989226916e-53 -1.8053451046167143e-31
1.4299387666642215e+07 7.7477404709149064e-10 6.4443474946718697e-53 -2.1874604079569459e-31
1.5896322833844522e+07 7.6967812953577013e-10 8.9195564880415203e-53 -2.6070616913337924e-31
1.7671601436982736e+07 7.6459989098704387e-10 1.2753956544536463e-52 -3.1222370677064013e-31
1.9645140615959849e+07 7.5953939351367911e-10 1.7962490750020456e-52 -3.6848732076339932e-31
2.1839081828383017e+07 7.5449662422294931e-10 2.5291885061928881e-52 -4.3135251159181025e-31
2.4278039258183450e+07 7.4947170056777132e-10 3.5529438591955811e-52 -5.0076254615221493e-31
2.6989375966157116e+07 7.4446432801383511e-10 4.9753299780214664e-52 -5.7544363885044200e-31
3.0003510880601577e+07 7.3947459099158101e-10 6.9477575539887900e-52 -6.5539748128131037e-31
3.3354260072229080e+07 7.3450256928199727e-10 9.6846786430738402e-52 -7.4144690500792064e-31
3.7079216142174147e+07 7.2954848085443051e-10 1.3438435201940538e-51 -8.3102575640296334e-31
4.1220169979509883e+07 7.2460839445639823e-10 1.8608507058142041e-51 -9.1867816031819624e-31
4.5823579620042838e+07 7.1967275013184629e-10 2.5637737946346744e-51 -1.0036486203696288e-30
5.0941091466585062e+07 7.1475506434988780e-10 3.5238083543076418e-51 -1.0861976959462603e-30
5.6630119718363680e+07 7.0985521889958692e-10 4.8077907092208333e-51 -1.1497328035749626e-30
6.2954490510275200e+07 7.0497278266899386e-10 6.5665540668863437e-51 -1.2002675800583181e-30
6.9985157988694146e+07 7.0010819830559622e-10 8.8977592805927096e-51 -1.2184274524628624e-30
7.7801000357600212e+07 6.9526116489813514e-10 1.2028887534787241e-50 -1.1956136756906211e-30
8.6489704826002881e+07 6.9043168446493163e-10 1.6157685246116205e-50 -1.1177531355546213e-30
9.6148751385024101e+07 6.8562007242898998e-10 2.1837672991829370e-50 -9.7464135731107565e-31
1.0688650645180459e+08 6.8082582461981324e-10 2.9383491195362057e-50 -7.5091432556934220e-31
1.1882343864998996e+08 6.7604922144807944e-10 3.9376749844792185e-50 -4.0055624703799818e-31
1.3209347036685440e+08 6.7129015786265097e-10 5.2896441704972801e-50 6.7628439176318443e-32
1.4684548025037751e+08 6.6654885483680079e-10 7.1004029366178881e-50 7.2336656189886677e-31
1.6324497350305712e+08 6.6182486259726672e-10 9.5342638117844916e-50 1.6060447924886477e-30
1.8147593871174046e+08 6.5711864291640996e-10 1.2796768010561717e-49 2.7460405959079242e-30
2.0174291204556385e+08 6.5242991601314201e-10 1.7292820198248081e-49 4.1875705014624625e-30
2.2427327198055175e+08 6.4775906101740082e-10 2.3486749667437279e-49 5.9511690712646564e-30
2.4931979029579276e+08 6.4310326734093070e-10 3.1875264514202598e-49 8.2178192832923210e-30
2.7716346796121079e+08 6.3845268012149954e-10 4.3493676436204481e-49 1.0951542759929362e-29
3.0811668773324031e+08 6.3381888587599253e-10 5.9944509005890434e-49 1.4234516878926673e-29
3.4252671882785600e+08 6.2920340909622913e-10 8.2698731250920393e-49 1.8233918798947243e-29
3.8077961299049729e+08 6.2460534619774494e-10 1.1479019361782070e-48 2.2956234192439427e-29
4.2330453567349595e+08 6.2002461652409380e-10 1.6000842962321795e-48 2.8501576808705553e-29
4.7057858091322559e+08 6.1546179072312178e-10 2.2394772267801729e-48 3.4971409011432903e-29
5.2313212392581111e+08 6.1091635622415502e-10 3.1412432409162035e-48 4.2548362431897571e-29
5.8155477147310770e+08 6.0638849018235611e-10 4.4113209605161082e-48 5.1184647192570376e-29
6.4650197675702083e+08 6.0187818874739305e-10 6.2065621118633661e-48 6.1043370685142809e-29
7.1870239305579591e+08 5.9738534454674399e-10 8.7251074948548494e-48 7.2124999128324142e-29
7.9896604860383868e+08 5.9290999007567827e-10 1.2272253168185100e-47 8.4550029201500096e-29
8.8819343443047917e+08 5.8845189091598322e-10 1.7230016912129469e-47 9.8239023533869718e-29
9.8738560711553776e+08 5.8401157463059915e-10 2.4139216468931623e-47 1.1309028654782031e-28
1.0976554198062325e+09 5.7958871944993766e-10 3.3714512245045656e-47 1.2897902824943555e-28
1.2202400074979143e+09 5.7518351678490337e-10 4.7017718888481348e-47 1.4596739177470292e-28
1.3565146666531818e+09 5.7079565631269935e-10 6.5322383044825199e-47 1.6341419030399773e-28
1.5080082848769596e+09 5.6642351021618419e-10 9.0289001723400662e-47 1.8071741306990519e-28
1.6764204937556942e+09 5.6205716528064667e-10 1.2469699393170932e-46 1.9832030828874217e-28
1.8636407373009813e+09 5.5770832837867072e-10 1.7114426112580139e-46 2.1366853147577291e-28
2.0717694699298344e+09 5.5337703786520592e-10 2.3400689052406401e-46 2.2688688690064816e-28
2.3031417218049946e+09 5.4906309730252940e-10 3.1933955845310500e-46 2.3669001781360682e-28
2.5603532959188585e+09 5.4476684619595921e-10 4.3346341095292615e-46 2.3978621204611608e-28
2.8462898908300891e+09 5.4048797355696268e-10 5.8642661414296052e-46 2.3527919383205983e-28
3.1641594757859960e+09 5.3622663052334993e-10 7.9130021160983521e-46 2.1980449414991673e-28
3.5175282814521909e+09 5.3198267062259513e-10 1.0669207144853801e-45 1.9291375173776390e-28
3.9103608100354595e+09 5.2775613720612615e-10 1.4326702500338509e-45 1.4451928606042787e-28
4.3470643136800976e+09 5.2354708768751173e-10 1.9224534565930584e-45 7.6120704589777072e-29
4.8325382401476288e+09 5.1935546233831437e-10 2.5784321040866786e-45 -2.1473295757438074e-29
5.3722292005196533e+09 5.1518126751087296e-10 3.4601483157308523e-45 -1.5426681935913380e-28
5.9721920756149311e+09 5.1102444346358792e-10 4.6633170746972478e-45 -3.2379130700127139e-28
6.6391579466840334e+09 5.0688523620604760e-10 6.2810672517079773e-45 -5.4871872560493326e-28
7.3806096125063400e+09 5.0276329095359439e-10 8.4786129304403560e-45 -8.3420281703982997e-28
8.2048655401289339e+09 4.9865885504687289e-10 1.1501355864741295e-44 -1.1902959878986464e-27
9.1211731911036472e+09 4.9456984908538219e-10 1.5682884611021515e-44 -1.6261137082342650e-27
1.0139812770265240e+10 4.9048819286975272e-10 2.1448634233215384e-44 -2.1651796011242904e-27
1.1272212561024015e+10 4.8642372657772543e-10 2.9516676635035766e-44 -2.8134327431395758e-27
1.2531077141139742e+10 4.8237688783978272e-10 4.0759417229718108e-44 -3.5891528755953132e-27
1.3930529917449377e+10 4.7834734797388364e-10 5.6637753256792218e-44 -4.5055883809671368e-27
1.5486271578670000e+10 4.7433529344542816e-10 7.8914693504375504e-44 -5.5861408603718044e-27
1.7215756243983082e+10 4.7034051959716365e-10 1.1040294239337469e-43 -6.8438506052656875e-27
1.9138387283641872e+10 4.6636312501252940e-10 1.5484678673508204e-43 -8.2965142491552866e-27
2.1275735008543484e+10 4.6240339253870801e-10 2.1737085202250277e-43 -9.9534493062608290e-27
2.3651778671062073e+10 4.5846085795999998e-10 3.0519047271634203e-43 -1.1825589867114998e-26
2.6293175492187302e+10 4.5453562321499874e-10 4.2951214704293859e-43 -1.3939053319061238e-26
2.9229559733230621e+10 4.5062775783307551e-10 6.0298225838455219e-43 -1.6271257313938186e-26
3.2493875167430988e+10 4.4673732097909265e-10 8.4548287256096082e-43 -1.8826082220841271e-26
3.6122744681515533e+10 4.4286423746277813e-10 1.1833584314147606e-42 -2.1595104217005002e-26
4.0156881153831367e+10 4.3900830516213527e-10 1.6502440634255020e-42 -2.4512611471251981e-26
4.4641544218762314e+10 4.3516993444349230e-10 2.2961571089826331e-42 -2.7578323126085309e-26
4.9627048041940758e+10 4.3134912189268651e-10 3.1816273886168197e-42 -3.0658216418110622e-26
5.5169325803071388e+10 4.2754300844954902e-10 4.3930096988504297e-42 -3.3696164378134336e-26
6.1330557219385460e+10 4.2374575752970269e-10 6.0402040780335642e-42 -3.6505765704128795e-26
6.8179866150021118e+10 4.1996568780504691e-10 8.2825902483599332e-42 -3.8985373638200584e-26
7.5794096107860809e+10 4.1620335394073352e-10 1.1317789705041096e-41 -4.0921632409089840e-26
8.4258672379425140e+10 4.1245843648879048e-10 1.5393245947023464e-41 -4.1841804750002743e-26
9.3668560425077621e+10 4.0873044019673296e-10 2.0875479125194193e-41 -4.1554810339586347e-26
1.0412933131199992e+11 4.0502005947184505e-10 2.8231522782925882e-41 -3.9667553954288619e-26
1.1575834613319429e+11 4.0132689183272370e-10 3.8043782654511291e-41 -3.5274946791046830e-26
1.2868607270071179e+11 3.9765112342253479e-10 5.1156041789107287e-41 -2.8023892300678357e-26
1.4305754928528812e+11 3.9399253108964776e-10 6.8785008398348554e-41 -1.7240927683977819e-26
1.5903401182433810e+11 3.9035168014605713e-10 9.2308341090348715e-41 -1.7041541316772835e-27
1.7679470285420648e+11 3.8672737741094720e-10 1.2419213161745183e-40 1.9219655224777909e-26
1.9653888246139328e+11 3.8312104548456315e-10 1.6682957471616720e-40 4.7387004744793341e-26
2.1848806381392270e+11 3.7953152706332408e-10 2.2506663921330759e-40 8.3445663431529985e-26
2.4288849835367252e+11 3.7595925387702787e-10 3.0407648146455886e-40 1.2971657927736870e-25
2.7001393853142221e+11 3.7240460868508566e-10 4.1263142064413018e-40 1.8751736832238531e-25
3.0016870908019952e+11 3.6886712918865072e-10 5.6161250613160838e-40 2.5921053869016023e-25
3.3369112128405511e+11 3.6534403514049010e-10 7.6827677104873513e-40 3.4670108161631975e-25
3.7095726854746661e+11 3.6183092903785167e-10 1.0564068097936318e-39 4.5237726188600346e-25
4.1238524584853174e+11 3.5833586243353273e-10 1.4592075983657245e-39 5.7880332251102477e-25
4.5843984041464325e+11 3.5485787698180196e-10 2.0247799593183205e-39 7.2833201965705500e-25
5.0963774624613812e+11 3.5139748391532888e-10 2.8193216761470436e-39 9.0436724664334734e-25
5.6655336099045300e+11 3.4795371012820799e-10 3.9403220756407454e-39 1.1088257777559777e-24
6.2982523020292920e+11 3.4452787156392812e-10 5.5194086209760275e-39 1.3441312789601809e-24
7.0016321129345569e+11 3.4111877793614363e-10 7.7435360909040899e-39 1.6125287045317999e-24
7.7835643753238171e+11 3.3772785580706352e-10 1.0872270413023853e-38 1.9155033519339169e-24
8.6528217146527356e+11 3.3435311285296107e-10 1.5261437270642487e-38 2.2536112418774533e-24
9.6191564706433679e+11 3.3099526524729525e-10 2.1415559627252478e-38 2.6275034213739940e-24
1.0693410110372806e+12 3.2765571857091241e-10 3.0004886968615031e-38 3.0357651747863757e-24
1.1887634860458325e+12 3.2433287327934215e-10 4.1905407735859688e-38 3.4695232497381192e-24
1.3215228922951809e+12 3.2102749304321749e-10 5.8419937394313118e-38 3.9300042786649041e-24
1.4691086791951423e+12 3.1773920452882335e-10 8.1148146533679311e-38 4.4017197198720026e-24
1.6331766357358193e+12 3.1446809703667458e-10 1.1235542485992167e-37 4.8756366720792848e-24
1.8155674670539983e+12 3.1121430670424740e-10 1.5498538590290712e-37 5.3302416653674876e-24
2.0183274456040371e+12 3.0797306653708400e-10 2.1282699028046870e-37 5.7354117469869184e-24
2.2437313686219106e+12 3.0474482598887169e-10 2.9141026809974508e-37 6.0752019706402031e-24
2.4943080794461177e+12 3.0153464240436147e-10 3.9757863229540181e-37 6.2985512416988959e-24
2.7728688390230249e+12 2.9834132125920765e-10 5.4016100461224147e-37 6.3521010362272228e-24
3.0825388659015454e+12 2.9516525617464288e-10 7.3227748532902366e-37 6.1926826437748154e-24
3.4267923985692017e+12 2.9200631960887127e-10 9.8873554538896180e-37 5.7135795692515288e-24
3.8094916734998984e+12 2.8886578134620664e-10 1.3327168650490742e-36 4.8521276743162846e-24
4.2349302562140586e+12 2.8574123203060602e-10 1.7942407471162635e-36 3.4980638292533111e-24
4.7078812114898691e+12 2.8263301232543414e-10 2.4131329151175212e-36 1.5200018109615233e-24
5.2336506531546602e+12 2.7954325417881347e-10 3.2452449445959534e-36 -1.2344774541023896e-24
5.8181372742406465e+12 2.7646987069173513e-10 4.3695365289729436e-36 -4.9145425309898714e-24
6.4678985253829199e+12 2.7341470289666087e-10 5.8865861816581810e-36 -9.7575573033388018e-24
7.1902241839267139e+12 2.7037541869414488e-10 7.9567866960109856e-36 -1.5940964875940660e-23
7.9932181391270967e+12 2.6735375306043097e-10 1.0784553018503706e-35 -2.3731387214090914e-23
8.8858893110031836e+12 2.6434979225434378e-10 1.4671584277694492e-35 -3.3419114861005997e-23
9.8782527228793223e+12 2.6136285571359777e-10 2.0049349186057228e-35 -4.5273300486978823e-23
1.0981441861563807e+13 2.5839184574392237e-10 2.7523029504031037e-35 -5.9626230720572887e-23
1.2207833585751256e+13 2.5543362803680635e-10 3.7952542330122352e-35 -7.6814589806191431e-23
1.3571186984017314e+13 2.5248981427653204e-10 5.2572517132041519e-35 -9.7179417122073452e-23
1.5086797740274643e+13 2.4956504678611523e-10 7.3095419088352813e-35 -1.2108304219256343e-22
1.6771669738543314e+13 2.4665623859202218e-10 1.0197928777127246e-34 -1.4885268185167663e-22
1.8644705832295902e+13 2.4376552428509023e-10 1.4265491158538892e-34 -1.8079287862646058e-22
2.0726919918651117e+13 2.4089063791336255e-10 1.9982777663567041e-34 -2.1710766228912863e-22
2.3041672696708625e+13 2.3803374407131568e-10 2.8018898177027467e-34 -2.5800612268435683e-22
2.5614933755039047e+13 2.3519206440581599e-10 3.9286889648341199e-34 -3.0351025213958440e-22
2.8475572928729367e+13 2.3237042067496910e-10 5.5036328642820573e-34 -3.5347303764631479e-22
3.1655684194766410e+13 2.2956496956434371e-10 7.6978508718547256e-34 -4.0752470432913567e-22
3.5190945739594883e+13 2.2677632241731851e-10 1.0742898162264481e-33 -4.6503158432809147e-22
3.9121020238502844e+13 2.2400494160334547e-10 1.4954199383443338e-33 -5.2497942818784754e-22
4.3489999837639133e+13 2.2124986144432756e-10 2.0752491618169871e-33 -5.8591275141592660e-22
4.8346900830984547e+13 2.1851570566484045e-10 2.8696520712263080e-33 -6.4566900159898427e-22
5.3746213582141992e+13 2.1579271632472852e-10 3.9542826408265243e-33 -7.0160499125396955e-22
5.9748513860601867e+13 2.1308969901313294e-10 5.4288051479825093e-33 -7.5001947275367087e-22
6.6421142451171352e+13 2.1040084420629472e-10 7.4256171525838829e-33 -7.8641015353657571e-22
7.3838960661210312e+13 2.0772512162060801e-10 1.0123099809013060e-32 -8.0523828558922970e-22
8.2085190201838500e+13 2.0506801961551421e-10 1.3755002131342126e-32 -7.9895347758374485e-22
9.1252346865868766e+13 2.0242816089101855e-10 1.8632080401347559e-32 -7.5899861543626302e-22
1.0144327847756302e+14 1.9980572371540752e-10 2.5181416945184115e-32 -6.7520129137421364e-22
1.1277231875912852e+14 1.9719745986176171e-10 3.3975110012491489e-32 -5.3498555253044153e-22
1.2536657005937995e+14 1.9460944149738101e-10 4.5772073131894603e-32 -3.2330634271162326e-22
1.3936732933569486e+14 1.9203628417075331e-10 6.1656607312465083e-32 -2.3582131490575130e-23
1.5493167338760400e+14 1.8948087360398480e-10 8.3074098709208166e-32 3.8436095066104422e-22
1.7223422112699647e+14 1.8694411605647602e-10 1.1209252132102786e-31 9.2264279319438783e-22
1.9146909265614894e+14 1.8442107808246607e-10 1.5156064061237318e-31 1.6163167172658530e-21
2.1285208713277419e+14 1.8191861272771613e-10 2.0546006156497773e-31 2.4958320304750855e-21
2.3662310385593772e+14 1.7942892486594319e-10 2.7961788480512681e-31 3.5893979292678466e-21
2.6304883373537856e+14 1.7696148057236331e-10 3.8194129013584575e-31 4.9327727543220479e-21
2.9242575134028725e+14 1.7451055379843950e-10 5.2410044394447258e-31 6.5597919973781640e-21
3.2508344109579119e+14 1.7207168780357950e-10 7.2238488487883057e-31 8.5090992599265733e-21
3.6138829494432900e+14 1.6965215250936831e-10 9.9961249093735559e-31 1.0816967963774364e-20
4.0174762295654544e+14 1.6724578079751800e-10 1.3886320702494014e-30 1.3520522408949740e-20
4.4661422300935162e+14 1.6485800102406629e-10 1.9348522776357689e-30 1.6652366255096321e-20
4.9649146079906419e+14 1.6248510336060054e-10 2.7028248392576263e-30 2.0242582132218547e-20
5.5193891718317969e+14 1.6013190333734986e-10 3.7812151253696985e-30 2.4310679780015615e-20
6.1357866620918250e+14 1.5779269132269803e-10 5.2944173755186922e-30 2.8866395176650029e-20
6.8210225426466012e+14 1.5547057388535108e-10 7.4115620745916754e-30 3.3899497455514667e-20
7.5827845864887438e+14 1.5316405792693407e-10 1.0366530600469801e-29 3.9382895205960122e-20
8.4296191261056038e+14 1.5088056345497063e-10 1.4478715662082858e-29 4.5270154045811033e-20
9.3710269361758175e+14 1.4860148562527901e-10 2.0169861421575973e-29 5.1433115402188672e-20
1.0417569824308728e+15 1.4635647660128840e-10 2.8020310264848449e-29 5.7745333465432566e-20
1.1580989125684402e+15 1.4411806783311193e-10 3.8800089943409938e-29 6.4015999114761078e-20
1.2874337431006380e+15 1.4188618610458284e-10 5.3579432004526574e-29 7.0020951291071852e-20
1.4312125025643292e+15 1.3969750936459179e-10 7.3659359908699569e-29 7.5291818958422741e-20
1.5910482682885120e+15 1.3750774350499784e-10 1.0095645504290216e-28 7.9529252972315452e-20
1.7687342637716312e+15 1.3534367909312139e-10 1.3783362119802133e-28 8.2040595634749744e-20
1.9662639771482302e+15 1.3319231690468196e-10 1.8758896551708339e-28 8.2232524947010941e-20
2.1858535264571305e+15 1.3105490381200564e-10 2.5450830895260543e-28 7.9230682143120902e-20
2.4299665226307705e+15 1.2893298858463756e-10 3.4432539030337178e-28 7.2018098890547988e-20
2.7013417091477440e+15 1.2683420129437745e-10 4.6506618208422557e-28 5.9402903232504132e-20
3.0030236884420065e+15 1.2474197446213737e-10 6.2725017360803427e-28 4.0016531400751304e-20
3.3383970797937310e+15 1.2267246221151834e-10 8.4528754001252451e-28 1.2174847385747154e-20
3.7112244919244315e+15 1.2061978874876774e-10 1.1391527744198373e-27 -2.5963194112358617e-20
4.1256887363173920e+15 1.1858485568573806e-10 1.5368773096092701e-27 -7.6477357283439216e-20
4.5864397548610450e+15 1.1656637342342446e-10 2.0770717051536696e-27 -1.4166851109713456e-19
5.0986467883047730e+15 1.1456277680093508e-10 2.8145123262384568e-27 -2.2416511246810213e-19
5.6680563708130430e+15 1.1258159880759177e-10 3.8257579261471219e-27 -3.2671909041358486e-19
6.3010568012686970e+15 1.1061405690192740e-10 5.2205354657283028e-27 -4.5219508839650614e-19
7.0047498146387250e+15 1.0865027443065622e-10 7.1543108904246100e-27 -6.0370596292992198e-19
7.7870302574961500e+15 1.0672378919729408e-10 9.8377612357556878e-27 -7.8410357557920877e-19
8.6566746615899660e+15 1.0480291956116589e-10 1.3584017708566554e-26 -9.9632131034061686e-19
9.6234397091851060e+15 1.0290465169651816e-10 1.8822747106870128e-26 -1.2430430344572824e-18
1.0698171694870068e+16 1.0102003218555411e-10 2.6167006378554267e-26 -1.5264181644650970e-18
1.1892928211903414e+16 9.9154456668219429e-11 3.6437426600253413e-26 -1.8472139018718165e-18
1.3221113428316950e+16 9.7301618275804162e-11 5.0820343602952886e-26 -2.2061423945203131e-18
1.4697628470461314e+16 9.5464631554431160e-11 7.0921108979710393e-26 -2.6017071437959430e-18
1.6339038601169798e+16 9.3645735890387934e-11 9.8944450688523567e-26 -3.0305776106692630e-18
1.8163759068141524e+16 9.1848484746362264e-11 1.3789402792132346e-25 -3.4868563801632485e-18
2.0192261707605600e+16 9.0063157983482106e-11 1.9189605339133248e-25 -3.9616592034512968e-18
2.2447304621188008e+16 8.8295054214179882e-11 2.6641986475439726e-25 -4.4415053544459688e-18
2.4954187502760868e+16 8.6543013780932912e-11 3.6885486636740582e-25 -4.9079889162542986e-18
2.7741035479830812e+16 8.4811878681778999e-11 5.0927940164330323e-25 -5.3382606006912147e-18
3.0839114653926636e+16 8.3088454584053290e-11 7.0113029194854914e-25 -5.7016086076797480e-18
3.4283182880087676e+16 8.1391635356719917e-11 9.6207226956519183e-25 -5.9585384610656260e-18
3.8111879720901296e+16 7.9715676380389676e-11 1.3164149176279414e-24 -6.0612748381143416e-18
4.2368159950052248e+16 7.8048062827265383e-11 1.7963783406406030e-24 -5.9515518996199507e-18
4.7099775468926824e+16 7.6390197752455660e-11 2.4458171285516561e-24 -5.5591609159718092e-18
5.2359811042976464e+16 7.4765022463279653e-11 3.3239691877458570e-24 -4.7999073644425938e-18
5.8207279868348536e+16 7.3151234628184560e-11 4.5122049234923216e-24 -3.5786578151081105e-18
6.4707785650550592e+16 7.1548423418098132e-11 6.1218856083447859e-24 -1.7838082038473891e-18
7.1934258623110664e+16 6.9957683946203175e-11 8.3092128917845224e-24 7.1006160457798365e-19
7.9967773763752400e+16 6.8406032906726691e-11 1.1296763608989575e-23 4.0517867015635285e-18
8.8898460387776672e+16 6.6854440062630521e-11 1.5379012539850757e-23 8.3877833370372595e-18
9.8826513323537376e+16 6.5320999841347310e-11 2.0993563876706113e-23 1.3890373692113531e-17
1.0986331701454445e+17 6.3812605614614978e-11 2.8749801932230222e-23 2.0738990288255299e-17
1.2213269515968754e+17 6.2303455923029059e-11 3.9497676181161503e-23 2.9106438635830090e-17
1.3577229991148394e+17 6.0825867970242220e-11 5.4471225181266906e-23 3.9187686080988874e-17
1.5093515621800925e+17 5.9362870833412415e-11 7.5375134618066407e-23 5.1151002021398022e-17
1.6779137863472080e+17 5.7903695463821627e-11 1.0462099367728483e-22 6.5135644792067856e-17
1.8653007986737818e+17 5.6472293140549048e-11 1.4559373514820162e-22 8.1283332710270138e-17
2.0736149245829443e+17 5.5054283899329771e-11 2.0295851832789666e-22 9.9641748778583706e-17
2.3051932741948749e+17 5.3679873883942729e-11 2.8346569039587103e-22 1.2030275981508649e-16
2.5626339627460237e+17 5.2287742428195495e-11 3.9565757297312384e-22 1.4300985080852367e-16
2.8488252592672499e+17 5.0925552205356211e-11 5.5201055452014679e-22 1.6766026071971611e-16
3.1669779905447686e+17 4.9580000023259632e-11 7.6903511742422178e-22 1.9385776087343662e-16
3.5206615639088883e+17 4.8245246358498537e-11 1.0691127561765335e-21 2.2103145341320629e-16
3.9138440129965158e+17 4.6932724953956157e-11 1.4822629267355118e-21 2.4840580517572739e-16
4.3509365157670035e+17 4.5635927053306877e-11 2.0483935298418319e-21 2.7488645594533340e-16
4.8368428842265453e+17 4.4345819888993982e-11 2.8194580025309169e-21 2.9902947645346049e-16
5.3770145810938771e+17 4.3110773663014678e-11 3.8693652008482742e-21 3.1933794470567896e-16
5.9775118806488781e+17 4.1853293944207745e-11 5.2843232358238316e-21 3.3312851126413316e-16
6.6450718599370637e+17 4.0634615426837333e-11 7.1884912112209337e-21 3.3806005523524996e-16
7.3871839831348698e+17 3.9428739153859015e-11 9.7439643656243034e-21 3.3087715696069399e-16
8.2121741270682355e+17 3.8218970051328992e-11 1.3155139561271929e-20 3.0774069394019779e-16
9.1292979905814912e+17 3.7055321079507379e-11 1.7716156956155660e-20 2.6447746410570278e-16
1.0148844935730630e+18 3.5892618630129528e-11 2.3794921505816546e-20 1.9627028402324022e-16
1.1282253425813037e+18 3.4746788373137268e-11 3.1891860535338211e-20 9.7737459308522322e-17
1.2542239355350469e+18 3.3611706592174028e-11 4.2706965268717863e-20 -3.6842112068697936e-17
1.3942938711781862e+18 3.2518478342269613e-11 5.7196565583962877e-20 -2.1368176032397098e-16
1.5500066169409457e+18 3.1421065395972639e-11 7.6609490000423528e-20 -4.3844714354737415e-16
1.7231091394890747e+18 3.0350482704634785e-11 1.0284485031978510e-19 -7.1772217020529016e-16
1.9155435042274409e+18 2.9301375531068937e-11 1.3835267400604114e-19 -1.0572466209258576e-15
2.1294686636482834e+18 2.8257711228630603e-11 1.8664004956863343e-19 -1.4605068047877979e-15
2.3672846789709619e+18 2.7229443228311934e-11 2.5256586008632224e-19 -1.9307505918592067e-15
2.6316596468199050e+18 2.6235803852547552e-11 3.4315779047369935e-19 -2.4705708372171785e-15
2.9255596330352538e+18 2.5250252249280671e-11 4.6784142938458431e-19 -3.0756741851029335e-15
3.2522819494488719e+18 2.4284460327629065e-11 6.4004624080804570e-19 -3.7410428163467812e-15
3.6154921469629834e+18 2.3333493000841955e-11 8.7838576024686530e-19 -4.4548589838562489e-15
4.0192651399631078e+18 2.2397204457610987e-11 1.2085595907749697e-18 -5.1992337998947967e-15
